1614328099.209130,33
1614328099.315760,99
1614328099.422871,100
1614328099.530243,100
1614328099.637396,100
1614328099.747933,100
1614328099.858617,98
1614328099.967614,98
1614328100.078098,100
1614328100.188944,99
1614328100.299301,98
1614328100.409185,98
1614328100.522176,93
1614328100.631961,99
1614328100.743110,89
1614328100.853635,86
1614328100.963024,69
1614328101.073514,63
1614328101.183653,66
1614328101.295792,69
1614328101.408077,70
1614328101.519180,71
1614328101.629866,73
1614328101.743724,76
1614328101.854121,78
1614328101.965214,81
1614328102.076624,85
1614328102.188928,89
1614328102.300321,91
1614328102.411602,95
1614328102.523119,97
1614328102.634622,98
1614328102.745553,98
1614328102.857633,100
1614328102.968966,94
1614328103.082049,92
1614328103.194119,97
1614328103.326338,84
1614328103.438986,85
1614328103.552649,94
1614328103.665386,91
1614328103.777316,93
1614328103.889104,94
1614328104.001201,100
1614328104.113720,98
1614328104.226762,95
1614328104.337532,99
1614328104.449978,97
1614328104.559932,71
1614328104.671693,72
1614328104.783575,73
1614328104.896097,71
1614328105.007062,69
1614328105.119612,72
1614328105.232422,71
1614328105.341531,68
1614328105.448271,78
1614328105.557101,78
1614328105.661506,81
1614328105.772552,92
1614328105.883279,94
1614328105.995849,94
1614328106.108776,96
1614328106.219263,98
1614328106.330542,97
1614328106.465987,82
1614328106.576751,79
1614328106.689082,80
1614328106.800353,82
1614328106.911338,82
1614328107.022769,82
1614328107.133380,84
1614328107.245577,88
1614328107.357237,88
1614328107.468733,85
1614328107.580615,89
1614328107.693180,87
1614328107.805484,89
1614328107.917971,92
1614328108.030564,90
1614328108.143106,95
1614328108.254944,93
1614328108.367012,92
1614328108.480189,93
1614328108.593412,93
1614328108.704826,94
1614328108.816606,95
1614328108.928047,95
1614328109.040162,95
1614328109.150729,94
1614328109.261569,94
1614328109.373856,94
1614328109.486391,96
1614328109.597560,92
1614328109.708437,92
1614328109.819900,94
1614328109.933820,95
1614328110.045798,97
1614328110.157546,96
1614328110.270550,96
1614328110.382550,97
1614328110.494959,99
1614328110.607705,98
1614328110.720061,99
1614328110.833169,95
1614328110.945037,96
1614328111.058425,92
1614328111.172437,86
1614328111.284255,89
1614328111.409216,87
1614328111.521459,88
1614328111.632839,98
1614328111.746085,100
1614328111.858279,99
1614328111.969750,99
1614328112.082746,98
1614328112.194429,99
1614328112.306510,100
1614328112.419264,97
1614328112.530951,98
1614328112.644067,98
1614328112.756671,95
1614328112.868191,83
1614328112.981532,72
1614328113.095273,69
1614328113.206589,72
1614328113.317994,75
1614328113.428588,74
1614328113.540614,71
1614328113.652519,75
1614328113.764957,77
1614328113.877169,74
1614328113.987443,77
1614328114.105508,88
1614328114.217501,91
1614328114.329856,90
1614328114.441682,95
1614328114.553872,100
1614328114.670537,99
1614328114.782690,99
1614328114.894626,98
1614328115.008751,96
1614328115.122169,71
1614328115.234158,69
1614328115.346482,70
1614328115.457669,70
1614328115.568863,70
1614328115.680083,67
1614328115.792227,67
1614328115.903824,70
1614328116.014719,71
1614328116.126244,62
1614328116.239494,64
1614328116.353160,66
1614328116.486350,70
1614328116.597489,79
1614328116.708494,80
1614328116.820525,84
1614328116.931739,91
1614328117.043307,93
1614328117.154057,98
1614328117.265248,97
1614328117.378340,92
1614328117.490937,75
1614328117.602290,81
1614328117.712631,80
1614328117.825556,83
1614328117.935855,84
1614328118.048417,87
1614328118.160110,87
1614328118.273026,88
1614328118.385741,84
1614328118.497082,85
1614328118.609500,88
1614328118.722435,90
1614328118.834690,91
1614328118.946140,94
1614328119.058769,90
1614328119.174314,93
1614328119.286146,91
1614328119.397771,92
1614328119.512129,94
1614328119.624097,90
1614328119.735235,94
1614328119.847182,94
1614328119.959741,97
1614328120.073293,99
1614328120.185421,97
1614328120.297700,97
1614328120.411410,95
1614328120.522507,99
1614328120.633707,94
1614328120.745281,89
1614328120.857893,89
1614328120.969475,88
1614328121.081793,87
1614328121.194704,90
1614328121.306579,91
1614328121.419466,88
1614328121.531702,92
1614328121.644068,93
1614328121.756669,92
1614328121.867672,91
1614328121.980710,89
1614328122.093074,89
1614328122.207201,90
1614328122.318349,85
1614328122.429784,86
1614328122.543158,86
1614328122.654753,86
1614328122.765720,90
1614328122.877895,93
1614328122.990419,95
1614328123.105969,99
1614328123.216770,100
1614328123.330177,100
1614328123.441093,99
1614328123.553317,99
1614328123.665383,97
1614328123.776728,99
1614328123.889300,98
1614328123.999802,92
1614328124.112647,83
1614328124.231866,78
1614328124.341919,79
1614328124.455109,88
1614328124.567532,91
1614328124.678170,92
1614328124.790009,97
1614328124.902580,100
1614328125.015007,100
1614328125.127069,99
1614328125.239231,97
1614328125.352302,99
1614328125.464599,98
1614328125.577415,99
1614328125.689717,79
1614328125.802636,76
1614328125.915888,70
1614328126.028301,71
1614328126.140753,70
1614328126.253151,70
1614328126.366283,74
1614328126.502694,68
1614328126.614557,76
1614328126.727460,77
1614328126.838963,76
1614328126.953033,87
1614328127.064346,98
1614328127.180678,93
1614328127.294339,66
1614328127.402728,70
1614328127.509717,69
1614328127.616308,67
1614328127.724694,67
1614328127.830014,67
1614328127.934716,71
1614328128.039784,69
1614328128.143684,73
1614328128.247571,75
1614328128.365409,77
1614328128.481785,82
1614328128.592685,80
1614328128.704541,82
1614328128.815825,82
1614328128.928171,80
1614328129.041585,82
1614328129.152323,83
1614328129.265624,84
1614328129.376942,83
1614328129.490008,83
1614328129.602913,84
1614328129.715099,84
1614328129.826917,89
1614328129.941940,87
1614328130.053400,87
1614328130.165651,88
1614328130.277330,92
1614328130.390140,92
1614328130.501725,91
1614328130.613847,90
1614328130.725334,89
1614328130.839658,90
1614328130.950936,90
1614328131.061590,89
1614328131.178412,94
1614328131.290428,94
1614328131.402536,94
1614328131.513149,96
1614328131.625879,98
1614328131.738161,98
1614328131.849748,98
1614328131.960600,97
1614328132.073592,98
1614328132.185476,97
1614328132.297503,96
1614328132.409252,97
1614328132.522473,98
1614328132.635386,99
1614328132.748531,97
1614328132.862258,97
1614328132.975170,100
1614328133.087414,95
1614328133.200052,95
1614328133.312289,97
1614328133.425432,94
1614328133.535787,94
1614328133.647675,95
1614328133.758882,94
1614328133.872342,95
1614328133.983229,96
1614328134.095580,94
1614328134.207674,91
1614328134.319797,88
1614328134.432138,87
1614328134.544592,92
1614328134.659451,91
1614328134.772051,89
1614328134.883990,90
1614328134.996071,91
1614328135.108813,88
1614328135.219659,86
1614328135.332711,84
1614328135.444920,83
1614328135.558546,80
1614328135.670342,83
1614328135.774892,81
1614328135.879267,81
1614328135.988960,83
1614328136.100714,83
1614328136.213714,79
1614328136.326022,76
1614328136.439049,76
1614328136.551545,77
1614328136.663735,85
1614328136.776601,84
1614328136.888860,88
1614328137.001108,91
1614328137.116297,96
1614328137.229011,99
1614328137.345615,90
1614328137.458339,93
1614328137.569735,84
1614328137.682930,84
1614328137.794295,92
1614328137.907177,93
1614328138.019051,91
1614328138.131319,93
1614328138.244005,95
1614328138.358729,93
1614328138.469700,90
1614328138.581919,93
1614328138.693945,92
1614328138.804772,93
1614328138.917845,94
1614328139.030021,95
1614328139.137939,98
1614328139.244764,99
1614328139.351392,99
1614328139.463475,99
1614328139.576460,100
1614328139.688134,96
1614328139.801391,95
1614328139.912937,96
1614328140.025806,85
1614328140.136457,80
1614328140.247978,72
1614328140.364653,77
1614328140.480752,76
1614328140.594881,71
1614328140.709942,65
1614328140.825648,62
1614328140.940389,65
1614328141.054268,70
1614328141.159769,74
1614328141.271002,77
1614328141.382640,77
1614328141.500242,82
1614328141.613242,78
1614328141.729759,78
1614328141.842207,79
1614328141.954604,80
1614328142.065880,79
1614328142.177608,74
1614328142.290240,73
1614328142.403893,75
1614328142.515734,75
1614328142.626853,77
1614328142.738611,79
1614328142.850960,82
1614328142.962352,87
1614328143.081897,88
1614328143.192922,91
1614328143.301833,91
1614328143.408609,90
1614328143.519236,91
1614328143.635297,93
1614328143.748235,94
1614328143.865382,94
1614328143.983997,92
1614328144.095578,95
1614328144.209356,96
1614328144.325987,98
1614328144.436177,94
1614328144.545646,95
1614328144.660806,95
1614328144.774874,96
1614328144.887194,98
1614328145.000259,97
1614328145.115121,100
1614328145.227276,99
1614328145.339450,97
1614328145.453296,98
1614328145.571705,99
1614328145.702925,99
1614328145.817858,96
1614328145.932677,100
1614328146.044020,92
1614328146.156820,89
1614328146.268848,94
1614328146.380635,90
1614328146.503076,90
1614328146.615373,91
1614328146.727963,89
1614328146.841998,92
1614328146.954084,94
1614328147.065186,94
1614328147.177572,95
1614328147.289923,97
1614328147.402842,97
1614328147.514734,98
1614328147.628163,98
1614328147.740873,98
1614328147.852867,96
1614328147.966464,92
1614328148.093989,82
1614328148.208705,78
1614328148.320315,88
1614328148.431860,82
1614328148.543887,84
1614328148.655543,97
1614328148.768820,100
1614328148.880140,95
1614328148.992195,92
1614328149.106360,100
1614328149.219564,75
1614328149.331856,75
1614328149.444928,79
1614328149.557582,74
1614328149.671155,74
1614328149.782508,77
1614328149.895878,80
1614328150.010145,76
1614328150.124084,71
1614328150.236998,82
1614328150.348613,84
1614328150.460300,89
1614328150.573814,100
1614328150.685306,100
1614328150.798888,96
1614328150.912028,100
1614328151.024443,97
1614328151.135684,82
1614328151.247965,81
1614328151.360990,83
1614328151.473081,89
1614328151.584253,93
1614328151.694850,94
1614328151.804945,100
1614328151.917855,98
1614328152.028292,97
1614328152.140059,97
1614328152.255875,97
1614328152.360640,91
1614328152.465105,88
1614328152.568612,85
1614328152.680477,88
1614328152.793741,94
1614328152.905524,96
1614328153.018262,93
1614328153.131349,97
1614328153.235898,99
1614328153.339519,98
1614328153.453669,99
1614328153.566021,97
1614328153.678016,96
1614328153.790470,97
1614328153.907543,98
1614328154.013149,97
1614328154.117924,94
1614328154.228587,92
1614328154.339973,88
1614328154.451868,87
1614328154.565157,88
1614328154.677379,87
1614328154.790287,90
1614328154.902156,88
1614328155.015472,82
1614328155.129603,85
1614328155.238463,91
1614328155.345277,90
1614328155.458117,94
1614328155.570921,96
1614328155.683797,98
1614328155.795471,95
1614328155.907090,97
1614328156.018375,95
1614328156.130126,95
1614328156.241682,93
1614328156.355764,95
1614328156.469039,87
1614328156.580574,92
1614328156.692449,91
1614328156.805367,92
1614328156.918726,89
1614328157.029876,88
1614328157.142916,90
1614328157.255192,92
1614328157.367117,92
1614328157.479469,91
1614328157.589178,86
1614328157.702266,84
1614328157.814586,84
1614328157.926657,79
1614328158.037354,82
1614328158.148555,85
1614328158.261629,91
1614328158.371666,93
1614328158.483760,94
1614328158.596403,100
1614328158.708553,100
1614328158.820118,100
1614328158.932378,97
1614328159.044725,96
1614328159.155598,92
1614328159.267566,71
1614328159.378616,68
1614328159.491888,68
1614328159.602521,65
1614328159.712871,67
1614328159.825671,70
1614328159.938212,76
1614328160.051472,71
1614328160.162599,73
1614328160.274353,81
1614328160.386028,80
1614328160.498084,85
1614328160.609537,92
1614328160.721376,96
1614328160.833882,98
1614328160.945911,99
1614328161.058323,98
1614328161.174872,80
1614328161.287391,76
1614328161.399214,71
1614328161.517741,77
1614328161.636010,68
1614328161.747935,72
1614328161.865841,84
1614328161.977187,84
1614328162.088739,78
1614328162.195911,48
1614328162.302355,41
1614328162.415175,42
1614328162.527552,43
1614328162.638772,46
1614328162.752122,47
1614328162.865761,43
1614328162.983067,32
1614328163.094561,18
1614328163.210011,0
1614328163.323284,0
1614328163.433896,0
1614328163.544357,0
1614328163.654946,0
1614328163.765704,0
1614328163.877070,0
1614328163.987623,0
1614328164.098038,0
1614328164.208537,0
1614328164.318762,0
1614328164.431898,1
1614328164.543368,0
1614328164.655990,0
1614328164.766660,0
1614328164.877838,0
1614328164.988977,0
1614328165.099177,0
1614328165.209354,0
1614328165.319251,0
1614328165.429396,0
1614328165.541821,0
1614328165.652209,0
1614328165.762922,0
1614328165.875484,0
1614328165.986955,0
1614328166.097726,0
1614328166.207669,0
1614328166.318144,0
1614328166.429065,0
1614328166.554539,0
1614328166.666544,0
1614328166.778774,0
1614328166.890157,0
1614328167.002489,0
1614328167.112788,0
