1614328030.914557,6
1614328031.021479,20
1614328031.131909,19
1614328031.252097,18
1614328031.363785,18
1614328031.474284,16
1614328031.594625,18
1614328031.706399,19
1614328031.817115,19
1614328031.935994,20
1614328032.047541,20
1614328032.157820,20
1614328032.268008,20
1614328032.379473,20
1614328032.491755,19
1614328032.604965,20
1614328032.717035,20
1614328032.830415,19
1614328032.940959,18
1614328033.052307,19
1614328033.167662,20
1614328033.279248,19
1614328033.391924,17
1614328033.506368,20
1614328033.621590,16
1614328033.734702,20
1614328033.849783,18
1614328033.961958,19
1614328034.074742,20
1614328034.186263,18
1614328034.298913,20
1614328034.414356,20
1614328034.526646,18
1614328034.639679,18
1614328034.753205,18
1614328034.866327,18
1614328034.979341,20
1614328035.092504,18
1614328035.204588,19
1614328035.317708,19
1614328035.428592,18
1614328035.541413,19
1614328035.655831,20
1614328035.767957,15
1614328035.881855,15
1614328035.994804,17
1614328036.125642,19
1614328036.239899,19
1614328036.354563,19
1614328036.466894,19
1614328036.578718,19
1614328036.693351,19
1614328036.805476,20
1614328036.917354,19
1614328037.029685,18
1614328037.142161,20
1614328037.255137,16
1614328037.367582,20
1614328037.479861,19
1614328037.592982,20
1614328037.704117,18
1614328037.815769,20
1614328037.929300,19
1614328038.043931,18
1614328038.156438,18
1614328038.268610,20
1614328038.376521,17
1614328038.484064,19
1614328038.591410,20
1614328038.698919,20
1614328038.811848,19
1614328038.924109,18
1614328039.038861,19
1614328039.150991,20
1614328039.264817,19
1614328039.376392,18
1614328039.490827,19
1614328039.602951,18
1614328039.717564,18
1614328039.831293,19
1614328039.944991,18
1614328040.058683,19
1614328040.173426,19
1614328040.284676,18
1614328040.397113,18
1614328040.508901,19
1614328040.621903,20
1614328040.735528,19
1614328040.849780,19
1614328040.961902,19
1614328041.075706,19
1614328041.189444,18
1614328041.302373,17
1614328041.417371,20
1614328041.529423,19
1614328041.642076,20
1614328041.756660,19
1614328041.868777,19
1614328041.981179,18
1614328042.095845,20
1614328042.235100,19
1614328042.346264,18
1614328042.459620,18
1614328042.573929,15
1614328042.687541,19
1614328042.799468,17
1614328042.911674,20
1614328043.023475,20
1614328043.135890,19
1614328043.250639,18
1614328043.364535,19
1614328043.477708,19
1614328043.588295,19
1614328043.701228,16
1614328043.814386,20
1614328043.926575,18
1614328044.038770,19
1614328044.151204,18
1614328044.265859,19
1614328044.379386,19
1614328044.490765,20
1614328044.603778,19
1614328044.715952,19
1614328044.828559,18
1614328044.939957,20
1614328045.052985,19
1614328045.167945,19
1614328045.279988,20
1614328045.393339,20
1614328045.506749,19
1614328045.619377,18
1614328045.731971,19
1614328045.847677,20
1614328045.954834,16
1614328046.062568,19
1614328046.171405,17
1614328046.279472,17
1614328046.392531,18
1614328046.499885,17
1614328046.614081,18
1614328046.726716,16
1614328046.839750,19
1614328046.951259,19
1614328047.065730,20
1614328047.180399,20
1614328047.292308,19
1614328047.405220,18
1614328047.516530,18
1614328047.628878,19
1614328047.741406,17
1614328047.854676,20
1614328047.966164,20
1614328048.078423,20
1614328048.191993,20
1614328048.305509,20
1614328048.417632,20
1614328048.529580,18
1614328048.641915,19
1614328048.753775,18
1614328048.867265,17
1614328048.981161,20
1614328049.094721,20
1614328049.205827,19
1614328049.318173,18
1614328049.430180,17
1614328049.542973,17
1614328049.658372,17
1614328049.774478,19
1614328049.886373,19
1614328049.999594,20
1614328050.125138,18
1614328050.231377,19
1614328050.343537,19
1614328050.455511,20
1614328050.566877,17
1614328050.679158,18
1614328050.792717,19
1614328050.905717,18
1614328051.017632,20
1614328051.127486,20
1614328051.234597,19
1614328051.341561,18
1614328051.447980,19
1614328051.560230,19
1614328051.673967,18
1614328051.786362,17
1614328051.901993,19
1614328052.013955,19
1614328052.125347,20
1614328052.237115,17
1614328052.348524,14
1614328052.461390,18
1614328052.573733,18
1614328052.686731,19
1614328052.798648,19
1614328052.912093,19
1614328053.024899,20
1614328053.134883,20
1614328053.248080,20
1614328053.362636,19
1614328053.476182,19
1614328053.590337,20
1614328053.708780,17
1614328053.822179,18
1614328053.934892,19
1614328054.047337,20
1614328054.158800,19
1614328054.272892,19
1614328054.387000,19
1614328054.500178,19
1614328054.613920,20
1614328054.727835,20
1614328054.841304,20
1614328054.955111,18
1614328055.067427,19
1614328055.181335,17
1614328055.293877,17
1614328055.406666,18
1614328055.518774,19
1614328055.630529,18
1614328055.743382,19
1614328055.856791,19
1614328055.969706,18
1614328056.083596,19
1614328056.191332,20
1614328056.298479,17
1614328056.414719,19
1614328056.521647,20
1614328056.633797,19
1614328056.747835,19
1614328056.860579,20
1614328056.972604,20
1614328057.084970,19
1614328057.197512,19
1614328057.308394,17
1614328057.419500,19
1614328057.531103,19
1614328057.644269,18
1614328057.756958,17
1614328057.868393,18
1614328057.981846,18
1614328058.095058,18
1614328058.207601,18
1614328058.319311,17
1614328058.431189,19
1614328058.545570,20
1614328058.657456,18
1614328058.771634,20
1614328058.883842,20
1614328058.995900,19
1614328059.108847,19
1614328059.222791,18
1614328059.335572,15
1614328059.448735,19
1614328059.561891,18
1614328059.676114,19
1614328059.788252,19
1614328059.899463,19
1614328060.013335,19
1614328060.124645,19
1614328060.237845,20
1614328060.352564,20
1614328060.466731,18
1614328060.579093,18
1614328060.694155,20
1614328060.807963,20
1614328060.921027,20
1614328061.031471,18
1614328061.143616,16
1614328061.256271,19
1614328061.368336,18
1614328061.480253,19
1614328061.595318,18
1614328061.708399,19
1614328061.820934,18
1614328061.933961,19
1614328062.046694,20
1614328062.157932,19
1614328062.271985,19
1614328062.384521,20
1614328062.495404,17
1614328062.609187,17
1614328062.721730,18
1614328062.834167,19
1614328062.947157,18
1614328063.061194,19
1614328063.176790,18
1614328063.290015,20
1614328063.401595,20
1614328063.514122,19
1614328063.626211,19
1614328063.737750,19
1614328063.850850,18
1614328063.964296,20
1614328064.077773,18
1614328064.191953,20
1614328064.303465,19
1614328064.429152,18
1614328064.541044,18
1614328064.654797,20
1614328064.767434,20
1614328064.879687,20
1614328064.994497,19
1614328065.106917,20
1614328065.223297,17
1614328065.336476,19
1614328065.449687,18
1614328065.563116,19
1614328065.676664,20
1614328065.789066,20
1614328065.903006,19
1614328066.014897,20
1614328066.127170,20
1614328066.238936,19
1614328066.350610,19
1614328066.457248,18
1614328066.567992,19
1614328066.679817,18
1614328066.792514,20
1614328066.903621,19
1614328067.015999,20
1614328067.122994,18
1614328067.229048,19
1614328067.334939,18
1614328067.441933,18
1614328067.549260,20
1614328067.656015,17
1614328067.762903,16
1614328067.868952,18
1614328067.975696,18
1614328068.082426,18
1614328068.196018,19
1614328068.309316,20
1614328068.422469,18
1614328068.533446,20
1614328068.645672,20
1614328068.758638,19
1614328068.870025,19
1614328068.981755,18
1614328069.088077,19
1614328069.201162,18
1614328069.314404,19
1614328069.425853,19
1614328069.536879,18
1614328069.649204,19
1614328069.762675,17
1614328069.874757,17
1614328069.987188,20
1614328070.099175,19
1614328070.214471,20
1614328070.325301,17
1614328070.436200,19
1614328070.547831,20
1614328070.659423,17
1614328070.770974,19
1614328070.883590,19
1614328070.997952,20
1614328071.112241,18
1614328071.225255,19
1614328071.336537,19
1614328071.448624,20
1614328071.560042,19
1614328071.672493,18
1614328071.786254,20
1614328071.897977,19
1614328072.012152,19
1614328072.125720,20
1614328072.238954,20
1614328072.349980,18
1614328072.460977,18
1614328072.573591,20
1614328072.686485,19
1614328072.798124,18
1614328072.910131,20
1614328073.022225,20
1614328073.134713,18
1614328073.247146,19
1614328073.362902,20
1614328073.476442,19
1614328073.589669,20
1614328073.702153,20
1614328073.814154,20
1614328073.926152,20
1614328074.039040,18
1614328074.151931,19
1614328074.266138,20
1614328074.379238,19
1614328074.491890,20
1614328074.605546,19
1614328074.717770,19
1614328074.829796,20
1614328074.942735,19
1614328075.055366,18
1614328075.169005,19
1614328075.282732,18
1614328075.404566,12
1614328075.520442,19
1614328075.634704,19
1614328075.743781,19
1614328075.847872,20
1614328075.952902,19
1614328076.064350,19
1614328076.178306,19
1614328076.292104,19
1614328076.403288,17
1614328076.515185,19
1614328076.627410,20
1614328076.741487,18
1614328076.853939,20
1614328076.966623,18
1614328077.078288,18
1614328077.188875,19
1614328077.301736,19
1614328077.412917,19
1614328077.527008,18
1614328077.639378,19
1614328077.752296,19
1614328077.865294,20
1614328077.978536,18
1614328078.090993,18
1614328078.201877,18
1614328078.312266,19
1614328078.424789,17
1614328078.536838,20
1614328078.648720,17
1614328078.760326,18
1614328078.876041,17
1614328078.991439,20
1614328079.119259,18
1614328079.227259,19
1614328079.334508,19
1614328079.441727,18
1614328079.553959,20
1614328079.668314,19
1614328079.778914,19
1614328079.893224,18
1614328080.004718,20
1614328080.118988,17
1614328080.231645,19
1614328080.346701,20
1614328080.457777,20
1614328080.571533,16
1614328080.683787,16
1614328080.797838,20
1614328080.910845,19
1614328081.022408,19
1614328081.134990,19
1614328081.248708,20
1614328081.363761,19
1614328081.476982,18
1614328081.590256,20
1614328081.703237,17
1614328081.816048,20
1614328081.927636,20
1614328082.038541,19
1614328082.144514,19
1614328082.261055,19
1614328082.374277,20
1614328082.486779,19
1614328082.602901,20
1614328082.716308,20
1614328082.830016,20
1614328082.942133,19
1614328083.055256,18
1614328083.170702,18
1614328083.283991,19
1614328083.395586,19
1614328083.507415,19
1614328083.619918,19
1614328083.733443,20
1614328083.844244,20
1614328083.957318,19
1614328084.070849,18
1614328084.183254,19
1614328084.295172,19
1614328084.407705,19
1614328084.521981,19
1614328084.636169,19
1614328084.748209,20
1614328084.861650,18
1614328084.975831,19
1614328085.087860,18
1614328085.199675,19
1614328085.312557,19
1614328085.425585,19
1614328085.539068,20
1614328085.652932,20
1614328085.765959,19
1614328085.878301,18
1614328086.005558,19
1614328086.113366,19
1614328086.220725,20
1614328086.327930,20
1614328086.465348,18
1614328086.576966,18
1614328086.689354,18
1614328086.800501,18
1614328086.912893,19
1614328087.025936,19
1614328087.136374,16
1614328087.249375,19
1614328087.363442,20
1614328087.475325,17
1614328087.589258,19
1614328087.702876,18
1614328087.815691,18
1614328087.927604,19
1614328088.040797,19
1614328088.154849,19
1614328088.267738,19
1614328088.380855,20
1614328088.495128,20
1614328088.608594,19
1614328088.723281,19
1614328088.834947,19
1614328088.948116,18
1614328089.058964,19
1614328089.174524,20
1614328089.287535,19
1614328089.398931,19
1614328089.512159,17
1614328089.624983,20
1614328089.738394,19
1614328089.850000,18
1614328089.961979,20
1614328090.074128,20
1614328090.185920,20
1614328090.298776,19
1614328090.412063,20
1614328090.524719,20
1614328090.638248,19
1614328090.751846,19
1614328090.863794,20
1614328090.978875,18
1614328091.091499,18
1614328091.203110,19
1614328091.316834,20
1614328091.429424,19
1614328091.543302,19
1614328091.659117,18
1614328091.772295,19
1614328091.886264,17
1614328091.999022,20
1614328092.113598,19
1614328092.226660,18
1614328092.339605,19
1614328092.451838,19
1614328092.566111,20
1614328092.682582,10
1614328092.796353,10
1614328092.909161,0
1614328093.021491,0
1614328093.134070,0
1614328093.246295,0
1614328093.357708,0
1614328093.470829,4
1614328093.583190,6
1614328093.694181,0
1614328093.806311,0
1614328093.918000,0
1614328094.029855,0
1614328094.142087,0
1614328094.253290,0
1614328094.366171,0
1614328094.477884,0
1614328094.590824,0
1614328094.704445,0
1614328094.816841,0
1614328094.928062,0
1614328095.039671,0
