1614140894.070129,0
1614140894.174789,20
1614140894.278280,44
1614140894.382036,83
1614140894.485358,100
1614140894.589377,100
1614140894.693415,99
1614140894.797034,99
1614140894.901436,100
1614140895.009725,100
1614140895.113943,99
1614140895.218742,98
1614140895.323349,99
1614140895.426905,98
1614140895.530055,99
1614140895.633967,100
1614140895.737455,99
1614140895.840557,100
1614140895.944234,99
1614140896.048078,99
1614140896.151460,99
1614140896.260952,100
1614140896.370813,98
1614140896.474114,99
1614140896.578155,98
1614140896.682673,97
1614140896.785825,99
1614140896.889368,99
1614140896.993862,97
1614140897.097009,100
1614140897.200473,99
1614140897.304433,97
1614140897.408078,100
1614140897.511612,99
1614140897.615218,99
1614140897.718375,100
1614140897.821636,99
1614140897.925683,100
1614140898.029037,100
1614140898.132581,69
1614140898.236075,52
1614140898.339247,59
1614140898.443547,61
1614140898.547398,73
1614140898.651219,81
1614140898.755636,82
1614140898.859804,81
1614140898.970282,83
1614140899.078729,83
1614140899.187379,82
1614140899.292245,84
1614140899.395751,84
1614140899.499290,85
1614140899.602683,86
1614140899.705926,85
1614140899.809349,86
1614140899.913345,89
1614140900.021957,87
1614140900.132222,90
1614140900.242650,90
1614140900.352076,90
1614140900.455269,90
1614140900.558999,90
1614140900.662678,90
1614140900.766197,92
1614140900.869604,93
1614140900.973010,94
1614140901.076336,93
1614140901.179522,95
1614140901.283644,94
1614140901.386999,95
1614140901.494324,95
1614140901.601194,97
1614140901.707654,95
1614140901.814502,95
1614140901.921842,97
1614140902.027214,98
1614140902.131942,99
1614140902.236822,100
1614140902.340498,99
1614140902.443803,94
1614140902.547109,94
1614140902.651262,93
1614140902.755199,92
1614140902.858607,99
1614140902.962357,98
1614140903.065629,96
1614140903.168885,98
1614140903.272624,96
1614140903.376385,96
1614140903.480282,63
1614140903.583763,52
1614140903.687126,53
1614140903.790629,55
1614140903.894172,55
1614140903.997791,55
1614140904.101165,57
1614140904.205156,57
1614140904.308319,58
1614140904.412390,56
1614140904.515697,52
1614140904.619208,60
1614140904.722933,62
1614140904.827919,62
1614140904.931730,70
1614140905.034973,86
1614140905.138339,80
1614140905.242292,53
1614140905.345741,53
1614140905.450172,55
1614140905.553501,55
1614140905.656801,55
1614140905.760115,54
1614140905.867626,56
1614140905.974895,57
1614140906.079569,56
1614140906.183216,57
1614140906.286794,57
1614140906.390317,58
1614140906.494059,57
1614140906.598145,57
1614140906.702347,57
1614140906.806660,59
1614140906.909954,59
1614140907.013188,59
1614140907.116295,60
1614140907.220614,60
1614140907.324074,60
1614140907.427312,60
1614140907.530711,61
1614140907.634695,62
1614140907.738570,62
1614140907.842427,62
1614140907.946125,63
1614140908.049953,64
1614140908.153496,63
1614140908.256815,64
1614140908.360154,64
1614140908.463527,64
1614140908.567567,64
1614140908.671744,65
1614140908.775296,66
1614140908.878413,67
1614140908.981814,67
1614140909.085085,67
1614140909.189295,69
1614140909.292986,68
1614140909.397108,69
1614140909.505484,70
1614140909.609826,69
1614140909.713159,69
1614140909.816625,69
1614140909.920225,70
1614140910.024696,71
1614140910.128111,71
1614140910.231446,71
1614140910.334643,72
1614140910.438275,77
1614140910.541943,79
1614140910.645527,83
1614140910.748846,83
1614140910.852154,93
1614140910.955756,93
1614140911.062920,94
1614140911.170418,93
1614140911.278919,89
1614140911.385900,89
1614140911.490136,75
1614140911.594031,75
1614140911.697671,83
1614140911.802502,84
1614140911.916224,86
1614140912.019563,96
1614140912.123262,95
1614140912.227310,93
1614140912.330666,92
1614140912.438923,96
1614140912.547523,98
1614140912.716494,79
1614140912.824911,80
1614140912.929918,85
1614140913.034648,86
1614140913.140246,88
1614140913.244498,89
1614140913.348048,98
1614140913.451834,98
1614140913.555610,95
1614140913.658924,95
1614140913.762635,99
1614140913.866202,99
1614140913.969640,79
1614140914.073121,79
1614140914.176372,72
1614140914.279538,40
1614140914.383226,41
1614140914.486385,42
1614140914.589972,42
1614140914.694086,44
1614140914.797319,43
1614140914.900641,44
1614140915.008112,44
1614140915.115725,44
1614140915.224762,45
1614140915.333252,45
1614140915.437157,46
1614140915.540592,46
1614140915.644033,47
1614140915.747448,47
1614140915.851728,48
1614140915.959265,48
1614140916.066604,49
1614140916.174228,49
1614140916.278008,49
1614140916.382502,51
1614140916.486943,52
1614140916.591803,53
1614140916.695596,52
1614140916.799649,53
1614140916.903312,53
1614140917.006555,53
1614140917.109730,53
1614140917.213658,53
1614140917.317452,53
1614140917.420948,54
1614140917.524436,56
1614140917.627643,55
1614140917.731066,56
1614140917.835852,56
1614140917.940006,56
1614140918.043627,55
1614140918.146928,57
1614140918.250279,57
1614140918.354575,58
1614140918.457785,57
1614140918.561399,59
1614140918.665444,60
1614140918.768546,60
1614140918.871794,60
1614140918.975440,60
1614140919.078543,61
1614140919.182728,60
1614140919.286246,61
1614140919.390100,61
1614140919.493825,62
1614140919.597247,61
1614140919.704813,64
1614140919.812234,75
1614140919.920499,75
1614140920.029198,75
1614140920.137910,86
1614140920.245139,85
1614140920.352758,94
1614140920.459922,93
1614140920.567723,68
1614140920.676947,67
1614140920.780899,68
1614140920.884641,67
1614140920.988297,76
1614140921.092920,78
1614140921.197624,78
1614140921.301445,88
1614140921.405418,92
1614140921.508547,93
1614140921.611837,91
1614140921.715286,74
1614140921.819345,75
1614140921.922960,72
1614140922.026704,71
1614140922.130057,72
1614140922.233381,80
1614140922.336899,81
1614140922.440063,80
1614140922.543912,92
1614140922.647496,92
1614140922.750879,96
1614140922.854377,93
1614140922.957663,82
1614140923.065195,88
1614140923.172679,74
1614140923.278679,74
1614140923.382477,74
1614140923.486605,74
1614140923.590081,76
1614140923.693762,75
1614140923.797699,75
1614140923.902135,75
1614140924.005684,77
1614140924.109902,76
1614140924.214095,75
1614140924.318378,75
1614140924.421771,77
1614140924.525300,77
1614140924.628801,78
1614140924.732295,78
1614140924.836501,78
1614140924.939687,79
1614140925.043060,78
1614140925.147011,79
1614140925.250589,79
1614140925.354891,78
1614140925.458172,79
1614140925.561329,79
1614140925.664606,80
1614140925.768743,80
1614140925.873477,81
1614140925.977090,81
1614140926.080872,82
1614140926.184144,81
1614140926.287388,82
1614140926.391187,82
1614140926.495992,82
1614140926.600245,82
1614140926.703380,82
1614140926.806942,84
1614140926.910314,84
1614140927.013632,84
1614140927.117556,84
1614140927.221126,86
1614140927.324314,85
1614140927.427710,85
1614140927.531149,85
1614140927.634476,85
1614140927.737961,86
1614140927.841510,86
1614140927.945100,87
1614140928.048544,87
1614140928.152021,84
1614140928.255377,86
1614140928.358677,87
1614140928.462308,95
1614140928.566033,94
1614140928.670481,98
1614140928.774053,99
1614140928.878052,98
1614140928.986685,100
1614140929.092097,100
1614140929.197419,99
1614140929.308226,97
1614140929.411734,99
1614140929.515542,59
1614140929.618844,23
1614140929.722565,24
1614140929.826958,35
1614140929.931398,45
1614140930.034884,54
1614140930.138133,28
1614140930.241694,33
1614140930.345065,47
1614140930.448665,55
1614140930.552258,39
1614140930.655462,29
1614140930.758807,29
1614140930.862399,31
1614140930.965904,30
1614140931.069391,32
1614140931.173055,33
1614140931.276202,33
1614140931.379465,33
1614140931.482750,34
1614140931.586301,34
1614140931.690023,36
1614140931.794085,36
1614140931.905896,36
1614140932.009276,37
1614140932.112833,38
1614140932.216109,39
1614140932.322551,38
1614140932.432839,39
1614140932.539258,40
1614140932.645598,41
1614140932.753085,42
1614140932.859870,42
1614140932.967897,43
1614140933.074987,44
1614140933.182180,43
1614140933.288949,44
1614140933.394996,45
1614140933.499792,46
1614140933.603786,46
1614140933.707980,46
1614140933.812345,47
1614140933.917227,47
1614140934.020963,48
1614140934.125703,48
1614140934.230206,48
1614140934.333923,49
1614140934.437958,48
1614140934.542211,50
1614140934.645780,50
1614140934.749720,51
1614140934.852900,51
1614140934.962587,51
1614140935.070599,52
1614140935.179581,51
1614140935.285430,53
1614140935.390788,54
1614140935.495884,55
1614140935.600896,56
1614140935.706481,56
1614140935.811677,64
1614140935.915462,66
1614140936.018881,74
1614140936.122280,77
1614140936.225512,86
1614140936.328649,86
1614140936.432134,60
1614140936.536083,59
1614140936.639397,69
1614140936.742834,69
1614140936.846281,77
1614140936.949628,79
1614140937.053175,87
1614140937.156757,88
1614140937.260208,63
1614140937.363611,63
1614140937.466943,67
1614140937.570211,71
1614140937.673943,70
1614140937.777501,82
1614140937.881116,90
1614140937.985130,90
1614140938.088726,78
1614140938.192125,65
1614140938.295706,62
1614140938.399277,62
1614140938.503641,63
1614140938.607191,64
1614140938.710448,64
1614140938.813895,64
1614140938.917255,65
1614140939.024815,65
1614140939.131903,65
1614140939.238773,65
1614140939.345835,68
1614140939.452481,67
1614140939.560134,69
1614140939.664651,68
1614140939.768556,68
1614140939.871848,68
1614140939.979938,69
1614140940.087836,70
1614140940.195526,70
1614140940.301017,71
1614140940.405968,70
1614140940.510553,70
1614140940.615197,70
1614140940.718437,70
1614140940.822531,72
1614140940.925893,71
1614140941.029700,71
1614140941.134232,73
1614140941.238543,71
1614140941.342733,72
1614140941.445875,73
1614140941.549681,73
1614140941.653337,73
1614140941.756801,74
1614140941.860303,75
1614140941.964365,75
1614140942.072197,75
1614140942.180952,76
1614140942.288716,76
1614140942.399022,76
1614140942.503775,76
1614140942.607840,77
1614140942.711407,77
1614140942.815674,77
1614140942.919296,78
1614140943.023610,78
1614140943.168403,79
1614140943.271684,81
1614140943.375370,86
1614140943.479191,86
1614140943.582719,89
1614140943.686340,89
1614140943.789863,99
1614140943.893712,100
1614140943.996879,95
1614140944.101005,95
1614140944.204983,100
1614140944.308683,98
1614140944.412341,63
1614140944.516026,40
1614140944.619309,40
1614140944.722689,42
1614140944.826883,42
1614140944.930311,44
1614140945.034430,45
1614140945.138689,50
1614140945.241995,46
1614140945.345400,47
1614140945.448591,55
1614140945.551954,56
1614140945.656337,62
1614140945.760319,66
1614140945.863910,75
1614140945.967257,62
1614140946.070580,50
1614140946.174331,59
1614140946.277661,59
1614140946.382256,68
1614140946.485978,69
1614140946.589154,78
1614140946.692563,67
1614140946.795765,52
1614140946.899182,51
1614140947.003004,50
1614140947.106309,52
1614140947.209575,52
1614140947.313169,52
1614140947.419497,52
1614140947.526037,54
1614140947.633145,54
1614140947.740473,55
1614140947.847870,55
1614140947.954281,55
1614140948.061384,56
1614140948.167774,56
1614140948.274794,57
1614140948.383096,56
1614140948.487711,56
1614140948.591464,57
1614140948.695056,57
1614140948.798543,58
1614140948.902304,59
1614140949.006784,58
1614140949.111437,59
1614140949.215304,60
1614140949.318926,60
1614140949.422277,61
1614140949.525522,60
1614140949.629336,61
1614140949.732873,60
1614140949.836874,62
1614140949.940118,62
1614140950.044259,62
1614140950.149277,63
1614140950.254277,64
1614140950.358671,65
1614140950.463835,65
1614140950.568260,65
1614140950.672090,66
1614140950.776994,66
1614140950.881949,65
1614140950.986373,66
1614140951.090219,68
1614140951.193944,67
1614140951.297647,68
1614140951.402518,68
1614140951.506571,68
1614140951.610243,69
1614140951.714192,69
1614140951.818687,69
1614140951.922043,77
1614140952.025330,77
1614140952.129676,80
1614140952.234062,80
1614140952.337807,91
1614140952.441357,96
1614140952.544722,93
1614140952.649198,91
1614140952.763260,84
1614140952.866447,84
1614140952.970215,72
1614140953.074820,83
1614140953.178036,82
1614140953.281407,84
1614140953.384768,83
1614140953.487998,94
1614140953.592094,94
1614140953.696487,93
1614140953.800866,93
1614140953.904180,92
1614140954.008436,92
1614140954.111889,77
1614140954.215614,77
1614140954.319065,84
1614140954.423812,84
1614140954.526934,86
1614140954.630210,91
1614140954.733597,98
1614140954.837033,99
1614140954.940567,95
1614140955.043994,94
1614140955.147262,98
1614140955.250557,98
1614140955.354359,78
1614140955.457534,78
1614140955.561851,53
1614140955.665929,38
1614140955.769503,40
1614140955.872781,40
1614140955.976009,40
1614140956.079398,41
1614140956.183048,42
1614140956.286732,43
1614140956.390214,43
1614140956.493610,45
1614140956.597823,44
1614140956.701094,45
1614140956.804344,45
1614140956.908364,45
1614140957.011903,46
1614140957.115403,46
1614140957.218510,47
1614140957.321998,48
1614140957.425296,4
1614140957.533790,0
1614140957.641992,0
1614140957.747370,0
1614140957.856244,0
1614140957.970879,0
1614140958.079487,0
1614140958.188107,0
1614140958.297908,0
1614140958.404199,0
1614140958.509561,0
1614140958.618480,0
1614140958.726859,0
1614140958.836398,0
1614140958.946877,0
1614140959.057571,0
1614140959.166051,0
1614140959.276155,0
1614140959.384937,0
1614140959.498607,0
1614140959.604200,0
1614140959.712863,0
1614140959.818626,0
1614140959.928825,0
1614140960.037871,0
1614140960.147158,0
1614140960.253897,0
