1614799635.034206,1
1614799635.140364,15
1614799635.249358,20
1614799635.357657,19
1614799635.465812,18
1614799635.573848,19
1614799635.683945,19
1614799635.792571,20
1614799635.901100,20
1614799636.009457,19
1614799636.120301,19
1614799636.230844,20
1614799636.340535,20
1614799636.448722,20
1614799636.557402,20
1614799636.666778,19
1614799636.776533,19
1614799636.888315,19
1614799637.000685,20
1614799637.108996,20
1614799637.218570,9
1614799637.327145,10
1614799637.437695,12
1614799637.549210,14
1614799637.658076,16
1614799637.767009,17
1614799637.875731,18
1614799637.986967,20
1614799638.095843,11
1614799638.206759,13
1614799638.316933,14
1614799638.440489,16
1614799638.549910,17
1614799638.659282,20
1614799638.770919,19
1614799638.879789,13
1614799638.988964,12
1614799639.100670,17
1614799639.211020,19
1614799639.321955,18
1614799639.431219,18
1614799639.540516,19
1614799639.649530,18
1614799639.758562,17
1614799639.867827,20
1614799639.977807,17
1614799640.089611,19
1614799640.198330,18
1614799640.306670,15
1614799640.416388,19
1614799640.522952,17
1614799640.632685,5
1614799640.745579,9
1614799640.859797,10
1614799640.968422,12
1614799641.076539,15
1614799641.185659,17
1614799641.294015,18
1614799641.405314,20
1614799641.517529,20
1614799641.628643,19
1614799641.737520,7
1614799641.846769,10
1614799641.956167,12
1614799642.065025,14
1614799642.176157,16
1614799642.286407,17
1614799642.396486,17
1614799642.507839,19
1614799642.617338,20
1614799642.727812,11
1614799642.839303,13
1614799642.949538,15
1614799643.059723,16
1614799643.169809,17
1614799643.281161,19
1614799643.395488,19
1614799643.508443,11
1614799643.614178,12
1614799643.724365,14
1614799643.833646,15
1614799643.943255,19
1614799644.052873,20
1614799644.162093,19
1614799644.272186,19
1614799644.380843,12
1614799644.489778,13
1614799644.599373,15
1614799644.708190,16
1614799644.819502,18
1614799644.930981,19
1614799645.041087,19
1614799645.151356,12
1614799645.260385,15
1614799645.369803,16
1614799645.481246,17
1614799645.591727,18
1614799645.701093,19
1614799645.812112,14
1614799645.921411,18
1614799646.029650,13
1614799646.137932,14
1614799646.249159,14
1614799646.357718,18
1614799646.467389,13
1614799646.579803,15
1614799646.699835,12
1614799646.809377,18
1614799646.920541,14
1614799647.030023,18
1614799647.138356,10
1614799647.249531,12
1614799647.359909,14
1614799647.469280,16
1614799647.579852,17
1614799647.688763,20
1614799647.797670,20
1614799647.906994,14
1614799648.016833,12
1614799648.126463,13
1614799648.240907,16
1614799648.349929,16
1614799648.458869,19
1614799648.568428,20
1614799648.677460,20
1614799648.787695,10
1614799648.898281,14
1614799649.006883,15
1614799649.117006,18
1614799649.226111,19
1614799649.335550,20
1614799649.444347,20
1614799649.554486,19
1614799649.663822,12
1614799649.774369,14
1614799649.884297,16
1614799649.993095,16
1614799650.102216,17
1614799650.211681,20
1614799650.320633,19
1614799650.429166,11
1614799650.537916,12
1614799650.647925,16
1614799650.758167,17
1614799650.867216,18
1614799650.976048,20
1614799651.084634,20
1614799651.193381,20
1614799651.305809,12
1614799651.410192,11
1614799651.514813,14
1614799651.618758,15
1614799651.722516,16
1614799651.830722,18
1614799651.939482,18
1614799652.047014,10
1614799652.155432,14
1614799652.272108,18
1614799652.377083,16
1614799652.485660,16
1614799652.595390,13
1614799652.703516,19
1614799652.811890,14
1614799652.920898,16
1614799653.034617,9
1614799653.143975,18
1614799653.255116,15
1614799653.364202,18
1614799653.474606,10
1614799653.583635,13
1614799653.693472,15
1614799653.802890,17
1614799653.911795,17
1614799654.021757,20
1614799654.131257,19
1614799654.242013,11
1614799654.351627,13
1614799654.460777,14
1614799654.570661,15
1614799654.680885,18
1614799654.789726,19
1614799654.900172,20
1614799655.009464,11
1614799655.118049,13
1614799655.226663,15
1614799655.338881,17
1614799655.448499,18
1614799655.557889,18
1614799655.667106,18
1614799655.775636,11
1614799655.885003,13
1614799655.995370,15
1614799656.108062,17
1614799656.219496,18
1614799656.329056,19
1614799656.457200,19
1614799656.566328,11
1614799656.675194,13
1614799656.785503,15
1614799656.897101,17
1614799657.005939,18
1614799657.114929,19
1614799657.225080,16
1614799657.334260,12
1614799657.443299,14
1614799657.552339,15
1614799657.661678,17
1614799657.772439,18
1614799657.881608,19
1614799657.990648,19
1614799658.100814,13
1614799658.209180,13
1614799658.319880,12
1614799658.443695,15
1614799658.554159,20
1614799658.663280,14
1614799658.772160,17
1614799658.881796,20
1614799658.991199,14
1614799659.100525,16
1614799659.209710,19
1614799659.315933,18
1614799659.424967,9
1614799659.533763,9
1614799659.644071,12
1614799659.759678,20
1614799659.869187,16
1614799659.978931,17
1614799660.088414,18
1614799660.196752,13
1614799660.307617,13
1614799660.420320,15
1614799660.530660,17
1614799660.639936,17
1614799660.750085,20
1614799660.859422,19
1614799660.968119,11
1614799661.079752,13
1614799661.190659,14
1614799661.301985,17
1614799661.411903,19
1614799661.521662,19
1614799661.631014,20
1614799661.739858,11
1614799661.848988,12
1614799661.960355,13
1614799662.069221,15
1614799662.177730,17
1614799662.286535,18
1614799662.395549,17
1614799662.506268,11
1614799662.618302,13
1614799662.727587,16
1614799662.837537,17
1614799662.947013,18
1614799663.055965,19
1614799663.166567,19
1614799663.277425,10
1614799663.387201,14
1614799663.497056,15
1614799663.607110,16
1614799663.716102,18
1614799663.829454,20
1614799663.940180,18
1614799664.051666,12
1614799664.160237,13
1614799664.271249,15
1614799664.382560,17
1614799664.491660,18
1614799664.602336,19
1614799664.712217,20
1614799664.822305,11
1614799664.931150,15
1614799665.040721,17
1614799665.150893,18
1614799665.264731,18
1614799665.373858,17
1614799665.484677,14
1614799665.595267,18
1614799665.705485,19
1614799665.817119,18
1614799665.927862,15
1614799666.037368,12
1614799666.166446,20
1614799666.275731,14
1614799666.385188,16
1614799666.494412,17
1614799666.604516,13
1614799666.713506,19
1614799666.822705,15
1614799666.932448,13
1614799667.041775,14
1614799667.151760,13
1614799667.259876,14
1614799667.368611,17
1614799667.478133,18
1614799667.587985,19
1614799667.699959,20
1614799667.809033,10
1614799667.918790,12
1614799668.027386,13
1614799668.137428,15
1614799668.248476,17
1614799668.360461,17
1614799668.487521,18
1614799668.597180,16
1614799668.706758,13
1614799668.816517,14
1614799668.925684,14
1614799669.035792,17
1614799669.147850,18
1614799669.257167,20
1614799669.366643,20
1614799669.476668,11
1614799669.587119,13
1614799669.696300,14
1614799669.808064,17
1614799669.916969,18
1614799670.025602,20
1614799670.135098,20
1614799670.248555,20
1614799670.357495,11
1614799670.466515,12
1614799670.577672,15
1614799670.686140,16
1614799670.795521,18
1614799670.904863,19
1614799671.013481,19
1614799671.124160,12
1614799671.234468,14
1614799671.343345,15
1614799671.452527,18
1614799671.562278,19
1614799671.671195,18
1614799671.780181,19
1614799671.888913,10
1614799671.997745,13
1614799672.107110,15
1614799672.218143,19
1614799672.327876,15
1614799672.438154,18
1614799672.546952,20
1614799672.661387,7
1614799672.771784,20
1614799672.881054,19
1614799672.991452,7
1614799673.100611,20
1614799673.210328,17
1614799673.320700,5
1614799673.431277,9
1614799673.543121,13
1614799673.653145,14
1614799673.762354,16
1614799673.871251,17
1614799673.980506,19
1614799674.089586,20
1614799674.200598,19
1614799674.310496,20
1614799674.421409,12
1614799674.530661,14
1614799674.640770,16
1614799674.755074,17
1614799674.864404,18
1614799674.973288,20
1614799675.083285,12
1614799675.192556,14
1614799675.302918,14
1614799675.413081,16
1614799675.523373,16
1614799675.631964,19
1614799675.741607,18
1614799675.850771,10
1614799675.960081,12
1614799676.068529,14
1614799676.178357,15
1614799676.288768,18
1614799676.398804,19
1614799676.509985,19
1614799676.619054,20
1614799676.728230,12
1614799676.837876,13
1614799676.948434,14
1614799677.059087,14
1614799677.168403,17
1614799677.277091,18
1614799677.385975,18
1614799677.496201,11
1614799677.606308,14
1614799677.715866,16
1614799677.829990,16
1614799677.940594,18
1614799678.049548,20
1614799678.168922,19
1614799678.280121,11
1614799678.389719,12
1614799678.506526,15
1614799678.615308,20
1614799678.724452,18
1614799678.834896,15
1614799678.944312,17
1614799679.052953,19
1614799679.162018,20
1614799679.279346,8
1614799679.390046,20
1614799679.501664,19
1614799679.611769,13
1614799679.726602,7
1614799679.836259,19
1614799679.945810,15
1614799680.055534,16
1614799680.165551,11
1614799680.274841,13
1614799680.385116,13
1614799680.495987,15
1614799680.604997,17
1614799680.714368,17
1614799680.823738,19
1614799680.933780,20
1614799681.044758,16
1614799681.154987,13
1614799681.264907,14
1614799681.374246,16
1614799681.483142,18
1614799681.592349,18
1614799681.702363,19
1614799681.812009,12
1614799681.921829,13
1614799682.032311,13
1614799682.142739,16
1614799682.252115,17
1614799682.362243,17
1614799682.471166,19
1614799682.581648,20
1614799682.691570,12
1614799682.803251,14
1614799682.912044,15
1614799683.021562,15
1614799683.130457,17
1614799683.241922,17
1614799683.352360,18
1614799683.460579,9
1614799683.569888,11
1614799683.679011,14
1614799683.787814,14
1614799683.896794,18
1614799684.005218,19
1614799684.114635,19
1614799684.224105,20
1614799684.333765,11
1614799684.442636,12
1614799684.552833,15
1614799684.662511,16
1614799684.771617,17
1614799684.881541,19
1614799684.990910,19
1614799685.102391,19
1614799685.215725,20
1614799685.325264,15
1614799685.436359,15
1614799685.545851,19
1614799685.680179,13
1614799685.791662,19
1614799685.901279,14
1614799686.010967,14
1614799686.126024,10
1614799686.239385,20
1614799686.350068,19
1614799686.490848,4
1614799686.601129,9
1614799686.711765,11
1614799686.820221,12
1614799686.930116,14
1614799687.040967,15
1614799687.151755,17
1614799687.260407,18
1614799687.370049,20
1614799687.479179,18
1614799687.588184,13
1614799687.697565,15
1614799687.807732,14
1614799687.917985,17
1614799688.028630,17
1614799688.137647,20
1614799688.248725,19
1614799688.357845,10
1614799688.467680,13
1614799688.579142,13
1614799688.688177,15
1614799688.797906,18
1614799688.907748,20
1614799689.016829,19
1614799689.125550,18
1614799689.234795,11
1614799689.343885,12
1614799689.454765,15
1614799689.563689,17
1614799689.672706,18
1614799689.781226,18
1614799689.889756,18
1614799689.999353,10
1614799690.108407,13
1614799690.219306,15
1614799690.328861,18
1614799690.440358,19
1614799690.549944,20
1614799690.658353,20
1614799690.767510,15
1614799690.878194,12
1614799690.988006,13
1614799691.099557,16
1614799691.208431,16
1614799691.318114,19
1614799691.426630,19
1614799691.535138,19
1614799691.645520,11
1614799691.755232,15
1614799691.868149,19
1614799691.976760,15
1614799692.085656,19
1614799692.195454,13
1614799692.306790,19
1614799692.416447,18
1614799692.531151,16
1614799692.640255,11
1614799692.750422,17
1614799692.859602,16
1614799692.968751,18
1614799693.079107,18
1614799693.189583,13
1614799693.299495,13
1614799693.409531,16
1614799693.519142,17
1614799693.629139,18
1614799693.738885,20
1614799693.848430,20
1614799693.960306,12
1614799694.069025,14
1614799694.177672,17
1614799694.287983,18
1614799694.400119,18
1614799694.511235,20
1614799694.620545,11
1614799694.730026,11
1614799694.838334,14
1614799694.947206,16
1614799695.055772,16
1614799695.165449,18
1614799695.276456,20
1614799695.387189,20
1614799695.496340,12
1614799695.605650,14
1614799695.715059,16
1614799695.825518,15
1614799695.937165,17
1614799696.049756,18
1614799696.158804,18
1614799696.267499,10
1614799696.377692,13
1614799696.507393,16
1614799696.617666,18
1614799696.726331,0
1614799696.836119,0
1614799696.944666,0
1614799697.052754,0
1614799697.161124,0
1614799697.271241,0
1614799697.397218,0
1614799697.507170,0
1614799697.616070,0
1614799697.725550,0
1614799697.834660,0
1614799697.943317,0
1614799698.052547,0
