1614327340.103994,0
1614327340.213662,20
1614327340.323740,20
1614327340.434116,20
1614327340.543967,20
1614327340.656181,20
1614327340.765266,19
1614327340.872355,19
1614327340.980004,20
1614327341.088387,19
1614327341.195518,19
1614327341.302454,19
1614327341.410466,17
1614327341.517818,19
1614327341.626086,18
1614327341.731962,11
1614327341.837496,6
1614327341.942566,10
1614327342.047553,11
1614327342.166748,5
1614327342.273065,17
1614327342.384926,16
1614327342.497976,8
1614327342.608020,19
1614327342.717748,17
1614327342.827638,6
1614327342.937396,5
1614327343.047697,8
1614327343.162373,7
1614327343.273996,9
1614327343.385003,5
1614327343.496770,9
1614327343.608400,10
1614327343.721310,7
1614327343.830690,4
1614327343.940952,6
1614327344.051943,6
1614327344.166119,5
1614327344.277389,7
1614327344.389990,7
1614327344.499804,11
1614327344.610608,7
1614327344.721063,7
1614327344.833164,7
1614327344.944180,10
1614327345.056501,13
1614327345.169247,9
1614327345.279785,5
1614327345.390802,8
1614327345.502795,10
1614327345.612832,13
1614327345.725012,9
1614327345.840768,11
1614327345.952996,12
1614327346.064925,7
1614327346.175143,10
1614327346.285981,7
1614327346.398864,9
1614327346.511016,7
1614327346.622833,9
1614327346.735200,7
1614327346.848409,11
1614327346.959541,12
1614327347.071233,14
1614327347.181547,15
1614327347.293863,16
1614327347.406265,9
1614327347.516218,7
1614327347.627277,5
1614327347.738025,10
1614327347.857972,4
1614327347.970014,20
1614327348.079925,20
1614327348.194465,13
1614327348.300407,20
1614327348.406936,14
1614327348.516782,7
1614327348.629367,10
1614327348.740625,17
1614327348.851763,20
1614327348.964144,16
1614327349.073849,14
1614327349.184664,5
1614327349.298169,8
1614327349.411218,6
1614327349.521281,7
1614327349.632100,5
1614327349.742259,6
1614327349.853996,5
1614327349.965806,8
1614327350.077552,12
1614327350.188299,7
1614327350.300188,6
1614327350.412814,6
1614327350.524033,8
1614327350.634666,9
1614327350.744993,6
1614327350.856315,9
1614327350.969860,12
1614327351.080345,13
1614327351.190675,16
1614327351.303043,16
1614327351.415052,17
1614327351.526284,20
1614327351.636398,19
1614327351.750000,18
1614327351.863514,7
1614327351.974480,9
1614327352.084375,5
1614327352.196553,9
1614327352.308428,12
1614327352.420058,13
1614327352.530503,5
1614327352.640832,5
1614327352.750873,8
1614327352.863059,9
1614327352.974620,8
1614327353.085412,10
1614327353.196402,13
1614327353.308971,9
1614327353.420813,10
1614327353.534872,11
1614327353.645985,13
1614327353.756672,9
1614327353.867937,10
1614327353.978256,13
1614327354.089238,14
1614327354.200889,19
1614327354.311984,20
1614327354.422341,4
1614327354.533262,8
1614327354.661224,10
1614327354.772061,20
1614327354.883259,19
1614327355.009487,3
1614327355.115365,4
1614327355.226022,8
1614327355.336497,6
1614327355.448188,6
1614327355.558362,5
1614327355.664092,8
1614327355.767318,6
1614327355.871472,6
1614327355.983903,8
1614327356.095122,20
1614327356.208261,19
1614327356.318919,19
1614327356.429780,2
1614327356.540139,6
1614327356.650615,10
1614327356.760480,12
1614327356.872873,13
1614327356.983960,14
1614327357.095421,15
1614327357.206196,18
1614327357.312691,18
1614327357.418711,18
1614327357.529238,4
1614327357.639927,6
1614327357.752977,11
1614327357.864304,13
1614327357.974700,15
1614327358.086012,15
1614327358.197681,17
1614327358.308441,17
1614327358.418243,18
1614327358.528905,18
1614327358.639218,11
1614327358.751813,13
1614327358.863564,15
1614327358.975353,16
1614327359.093703,19
1614327359.203858,19
1614327359.315461,19
1614327359.427760,6
1614327359.539609,10
1614327359.656420,11
1614327359.767486,14
1614327359.879134,15
1614327359.991258,5
1614327360.104499,8
1614327360.215879,8
1614327360.327148,11
1614327360.444831,7
1614327360.555165,7
1614327360.666056,3
1614327360.778233,5
1614327360.891703,9
1614327361.003238,12
1614327361.115468,12
1614327361.227915,8
1614327361.340673,12
1614327361.454249,20
1614327361.565668,19
1614327361.676605,16
1614327361.787180,15
1614327361.898004,18
1614327362.027317,7
1614327362.142018,20
1614327362.255937,18
1614327362.383758,8
1614327362.495423,19
1614327362.605703,19
1614327362.716077,5
1614327362.827476,7
1614327362.939498,11
1614327363.049559,13
1614327363.162575,14
1614327363.274510,16
1614327363.385604,17
1614327363.495592,18
1614327363.605981,20
1614327363.717192,20
1614327363.827669,11
1614327363.939737,13
1614327364.050213,15
1614327364.162902,10
1614327364.273354,5
1614327364.384332,6
1614327364.495844,5
1614327364.606445,8
1614327364.717576,9
1614327364.828047,12
1614327364.940366,14
1614327365.053325,16
1614327365.166445,11
1614327365.278470,12
1614327365.390569,7
1614327365.501215,4
1614327365.611496,6
1614327365.722797,9
1614327365.834849,11
1614327365.946419,11
1614327366.056037,9
1614327366.168033,13
1614327366.278707,13
1614327366.390420,15
1614327366.502136,10
1614327366.616482,12
1614327366.729095,11
1614327366.842542,7
1614327366.953926,8
1614327367.065468,11
1614327367.177960,12
1614327367.289480,9
1614327367.401546,12
1614327367.514430,12
1614327367.625328,3
1614327367.739965,6
1614327367.850799,20
1614327367.961333,12
1614327368.072763,15
1614327368.180015,17
1614327368.292793,19
1614327368.403443,18
1614327368.513320,13
1614327368.638731,5
1614327368.750443,19
1614327368.861547,16
1614327368.974290,5
1614327369.085955,5
1614327369.199050,7
1614327369.310073,5
1614327369.421914,9
1614327369.534185,6
1614327369.649371,9
1614327369.761775,9
1614327369.872936,7
1614327369.983039,6
1614327370.095461,10
1614327370.208485,7
1614327370.319280,8
1614327370.431106,11
1614327370.542707,7
1614327370.654460,11
1614327370.765415,12
1614327370.876304,13
1614327370.987486,4
1614327371.100979,5
1614327371.212754,4
1614327371.324659,8
1614327371.434985,12
1614327371.549277,13
1614327371.659601,7
1614327371.771597,5
1614327371.881770,7
1614327371.991568,6
1614327372.105666,10
1614327372.216670,12
1614327372.327194,6
1614327372.437577,8
1614327372.548129,10
1614327372.659848,12
1614327372.772113,6
1614327372.882666,5
1614327372.993821,8
1614327373.107499,11
1614327373.220047,13
1614327373.329821,14
1614327373.439826,16
1614327373.551402,19
1614327373.663983,19
1614327373.775389,18
1614327373.886028,12
1614327373.997651,13
1614327374.113966,14
1614327374.224746,11
1614327374.334774,9
1614327374.445261,16
1614327374.554928,20
1614327374.665801,2
1614327374.777012,6
1614327374.902596,4
1614327375.014155,20
1614327375.123697,18
1614327375.233993,5
1614327375.346357,8
1614327375.457421,8
1614327375.568461,5
1614327375.684420,10
1614327375.797231,12
1614327375.909217,14
1614327376.018976,14
1614327376.125687,15
1614327376.236294,7
1614327376.349365,8
1614327376.460993,10
1614327376.573017,5
1614327376.684858,8
1614327376.797969,7
1614327376.909234,4
1614327377.019620,8
1614327377.129921,10
1614327377.240430,9
1614327377.352821,8
1614327377.465169,12
1614327377.575816,12
1614327377.687920,15
1614327377.798810,6
1614327377.910952,9
1614327378.022109,10
1614327378.133162,12
1614327378.242348,12
1614327378.350508,6
1614327378.461732,8
1614327378.573309,5
1614327378.684235,10
1614327378.794493,5
1614327378.904441,7
1614327379.015169,8
1614327379.124519,10
1614327379.234251,4
1614327379.345521,7
1614327379.455360,10
1614327379.565580,12
1614327379.674776,14
1614327379.784944,15
1614327379.896769,16
1614327380.006153,12
1614327380.115974,9
1614327380.225635,10
1614327380.335891,13
1614327380.446077,13
1614327380.554551,15
1614327380.664660,11
1614327380.775489,14
1614327380.884966,14
1614327380.994675,19
1614327381.105501,11
1614327381.217631,20
1614327381.327710,19
1614327381.437517,4
1614327381.547838,8
1614327381.658349,11
1614327381.769902,7
1614327381.880757,10
1614327381.991142,11
1614327382.100416,5
1614327382.211977,6
1614327382.322385,5
1614327382.434184,8
1614327382.545140,6
1614327382.655774,5
1614327382.766842,6
1614327382.878233,10
1614327382.991288,6
1614327383.102916,5
1614327383.213688,4
1614327383.324960,7
1614327383.436131,6
1614327383.546873,4
1614327383.658075,8
1614327383.768786,12
1614327383.881373,13
1614327383.992297,16
1614327384.103697,7
1614327384.214247,11
1614327384.325151,7
1614327384.435812,5
1614327384.546682,7
1614327384.658820,6
1614327384.770410,8
1614327384.882430,6
1614327384.994257,9
1614327385.106783,10
1614327385.216682,13
1614327385.328051,13
1614327385.439149,5
1614327385.551192,5
1614327385.688480,11
1614327385.802229,8
1614327385.915562,8
1614327386.027301,8
1614327386.137557,11
1614327386.248011,11
1614327386.358881,8
1614327386.469444,10
1614327386.579603,7
1614327386.699048,11
1614327386.810593,20
1614327386.922477,18
1614327387.033929,5
1614327387.144659,9
1614327387.274578,12
1614327387.386314,19
1614327387.496056,19
1614327387.606977,5
1614327387.718219,8
1614327387.831823,13
1614327387.945632,18
1614327388.059196,13
1614327388.171272,16
1614327388.283304,13
1614327388.393803,8
1614327388.504443,10
1614327388.617648,6
1614327388.729613,6
1614327388.840378,8
1614327388.951684,5
1614327389.063786,8
1614327389.175528,8
1614327389.286682,7
1614327389.396425,6
1614327389.509075,8
1614327389.622274,6
1614327389.732970,5
1614327389.843839,8
1614327389.954619,12
1614327390.066735,13
1614327390.178380,13
1614327390.288537,8
1614327390.399658,11
1614327390.511232,13
1614327390.623137,6
1614327390.734964,7
1614327390.847864,8
1614327390.960157,6
1614327391.073293,9
1614327391.184917,5
1614327391.297929,7
1614327391.410090,8
1614327391.521759,10
1614327391.636860,12
1614327391.747646,12
1614327391.862356,7
1614327391.974676,9
1614327392.085478,7
1614327392.196027,9
1614327392.308376,7
1614327392.419836,4
1614327392.531901,7
1614327392.643018,10
1614327392.754427,11
1614327392.864632,8
1614327392.978250,10
1614327393.091808,12
1614327393.199539,6
1614327393.329468,9
1614327393.442949,19
1614327393.554617,19
1614327393.665624,6
1614327393.778205,5
1614327393.897379,7
1614327394.009216,20
1614327394.122551,19
1614327394.228931,4
1614327394.334726,7
1614327394.440707,9
1614327394.547359,18
1614327394.653850,19
1614327394.766531,15
1614327394.877101,11
1614327394.989223,9
1614327395.104282,7
1614327395.215534,8
1614327395.327277,4
1614327395.437727,7
1614327395.550646,10
1614327395.663082,6
1614327395.775515,10
1614327395.886684,7
1614327395.998792,8
1614327396.112518,5
1614327396.223859,7
1614327396.334047,11
1614327396.445270,13
1614327396.556397,5
1614327396.667606,7
1614327396.778135,5
1614327396.888492,3
1614327397.000236,8
1614327397.112126,6
1614327397.224815,5
1614327397.335088,9
1614327397.447754,6
1614327397.559397,10
1614327397.669560,11
1614327397.780466,14
1614327397.891696,16
1614327398.001914,16
1614327398.115893,10
1614327398.227057,10
1614327398.338057,12
1614327398.451309,16
1614327398.564136,8
1614327398.674898,5
1614327398.785843,3
1614327398.897342,8
1614327399.010764,10
1614327399.120817,8
1614327399.231558,6
1614327399.342132,9
1614327399.453231,8
1614327399.564401,11
1614327399.676328,7
1614327399.787839,10
1614327399.915230,7
1614327400.021722,19
1614327400.132925,19
1614327400.243737,10
1614327400.354971,18
1614327400.465839,20
1614327400.577251,5
1614327400.689659,9
1614327400.806686,9
1614327400.917282,19
1614327401.028602,19
1614327401.140078,4
1614327401.252361,5
1614327401.362995,2
1614327401.475078,6
1614327401.586346,8
1614327401.696896,5
1614327401.805828,0
1614327401.916733,0
1614327402.026801,0
1614327402.136096,0
1614327402.246406,0
1614327402.356660,0
1614327402.471211,0
1614327402.580639,0
1614327402.691204,0
1614327402.802720,0
1614327402.912927,0
1614327403.023118,0
1614327403.133889,0
1614327403.244216,0
1614327403.354406,0
1614327403.465194,0
1614327403.575578,0
1614327403.685546,0
1614327403.797306,0
1614327403.907843,0
1614327404.019148,0
1614327404.129467,0
1614327404.238884,0
1614327404.348709,0
1614327404.457958,0
1614327404.568418,0
1614327404.678580,0
1614327404.791783,0
1614327404.906432,0
1614327405.016422,0
1614327405.125927,0
1614327405.236265,0
1614327405.347246,0
1614327405.456206,0
1614327405.566345,0
1614327405.675808,0
1614327405.786629,0
1614327405.898673,0
1614327406.008881,0
1614327406.119576,0
