1614797419.285746,3
1614797419.401734,20
1614797419.509118,19
1614797419.637198,19
1614797419.747919,20
1614797419.857757,19
1614797419.966805,19
1614797420.076426,20
1614797420.184865,19
1614797420.297837,20
1614797420.409279,19
1614797420.520749,20
1614797420.633003,19
1614797420.760495,19
1614797420.871232,19
1614797420.981019,20
1614797421.093455,20
1614797421.203101,18
1614797421.311746,7
1614797421.421895,9
1614797421.532984,12
1614797421.643377,14
1614797421.754746,17
1614797421.864219,19
1614797421.973716,13
1614797422.085327,17
1614797422.195065,19
1614797422.305774,16
1614797422.415370,8
1614797422.530200,11
1614797422.641832,19
1614797422.752109,13
1614797422.862109,16
1614797423.006519,12
1614797423.120763,20
1614797423.230804,20
1614797423.340173,10
1614797423.449345,5
1614797423.560780,9
1614797423.672791,12
1614797423.782599,13
1614797423.892625,14
1614797424.002260,18
1614797424.112347,18
1614797424.230090,18
1614797424.339803,20
1614797424.448854,13
1614797424.559616,14
1614797424.669425,16
1614797424.779249,16
1614797424.889394,18
1614797424.999926,20
1614797425.109868,20
1614797425.219152,10
1614797425.329216,13
1614797425.438665,14
1614797425.550395,16
1614797425.660007,18
1614797425.770505,20
1614797425.880169,20
1614797425.989164,20
1614797426.097171,11
1614797426.207176,13
1614797426.319321,14
1614797426.430701,15
1614797426.540273,18
1614797426.649900,18
1614797426.760206,19
1614797426.869828,12
1614797426.981164,13
1614797427.091891,16
1614797427.202081,17
1614797427.313302,19
1614797427.423406,20
1614797427.532788,20
1614797427.642432,15
1614797427.752952,11
1614797427.862126,13
1614797427.971898,15
1614797428.083599,17
1614797428.194999,19
1614797428.305224,19
1614797428.414787,20
1614797428.524441,11
1614797428.641121,14
1614797428.751038,18
1614797428.860910,17
1614797428.971110,18
1614797429.101545,12
1614797429.212281,18
1614797429.324027,15
1614797429.434020,18
1614797429.551631,10
1614797429.661674,19
1614797429.772118,13
1614797429.882020,17
1614797429.991500,10
1614797430.101101,13
1614797430.211338,14
1614797430.321535,15
1614797430.431460,18
1614797430.541469,19
1614797430.651224,20
1614797430.760993,20
1614797430.870294,12
1614797430.980407,13
1614797431.094317,15
1614797431.204791,16
1614797431.314002,18
1614797431.423955,18
1614797431.533858,19
1614797431.643712,12
1614797431.754389,12
1614797431.864433,16
1614797431.974413,17
1614797432.088218,19
1614797432.197846,20
1614797432.306969,19
1614797432.418369,11
1614797432.527935,14
1614797432.638659,15
1614797432.748346,17
1614797432.857959,18
1614797432.967515,19
1614797433.078701,20
1614797433.188769,12
1614797433.298996,15
1614797433.408127,15
1614797433.517249,17
1614797433.625459,17
1614797433.734992,18
1614797433.844758,19
1614797433.955238,12
1614797434.065826,14
1614797434.175418,16
1614797434.285327,18
1614797434.394900,19
1614797434.504348,20
1614797434.615338,16
1614797434.726319,8
1614797434.835848,9
1614797434.944888,13
1614797435.054883,17
1614797435.164379,15
1614797435.275364,17
1614797435.387475,20
1614797435.500408,18
1614797435.611376,20
1614797435.721136,5
1614797435.832128,8
1614797435.941502,10
1614797436.051356,19
1614797436.160630,19
1614797436.269234,19
1614797436.378807,11
1614797436.489102,7
1614797436.600151,10
1614797436.709957,13
1614797436.820785,14
1614797436.929075,16
1614797437.038943,17
1614797437.147295,19
1614797437.256943,18
1614797437.368282,11
1614797437.480034,12
1614797437.590435,14
1614797437.699609,16
1614797437.809448,17
1614797437.920084,20
1614797438.029678,20
1614797438.142586,11
1614797438.251665,12
1614797438.361156,15
1614797438.472060,15
1614797438.578262,16
1614797438.688065,18
1614797438.798793,20
1614797438.908450,17
1614797439.017820,11
1614797439.127149,14
1614797439.243417,17
1614797439.358037,18
1614797439.469336,18
1614797439.578326,19
1614797439.686877,10
1614797439.797289,13
1614797439.907151,13
1614797440.016468,15
1614797440.124614,16
1614797440.236181,20
1614797440.345728,20
1614797440.455812,19
1614797440.564729,11
1614797440.675098,14
1614797440.786362,14
1614797440.895190,15
1614797441.003844,17
1614797441.112876,19
1614797441.222420,19
1614797441.331358,10
1614797441.440167,14
1614797441.553083,19
1614797441.661399,20
1614797441.776898,8
1614797441.887494,20
1614797441.998036,17
1614797442.119326,7
1614797442.227778,20
1614797442.339670,19
1614797442.449003,12
1614797442.558974,7
1614797442.668693,9
1614797442.777949,12
1614797442.887656,14
1614797442.999376,14
1614797443.109908,16
1614797443.220981,18
1614797443.329754,20
1614797443.440505,18
1614797443.549458,11
1614797443.659809,13
1614797443.769709,14
1614797443.880060,16
1614797443.990445,17
1614797444.099802,19
1614797444.234019,20
1614797444.344922,12
1614797444.453228,13
1614797444.561991,15
1614797444.671116,18
1614797444.780623,17
1614797444.889210,18
1614797444.998818,19
1614797445.107795,19
1614797445.219760,12
1614797445.329358,14
1614797445.440227,16
1614797445.548742,16
1614797445.658448,17
1614797445.766626,19
1614797445.877176,12
1614797445.987755,13
1614797446.097742,13
1614797446.207828,16
1614797446.317761,17
1614797446.426119,17
1614797446.536077,19
1614797446.644659,18
1614797446.755404,12
1614797446.865375,14
1614797446.974711,16
1614797447.085150,18
1614797447.194764,18
1614797447.305688,20
1614797447.415883,11
1614797447.526784,11
1614797447.635917,13
1614797447.756895,15
1614797447.867085,19
1614797447.975665,13
1614797448.087901,17
1614797448.196712,19
1614797448.307161,18
1614797448.426663,17
1614797448.536286,20
1614797448.645806,5
1614797448.756106,7
1614797448.866579,10
1614797448.991494,10
1614797449.099747,19
1614797449.209270,15
1614797449.320318,16
1614797449.430210,13
1614797449.540029,14
1614797449.649238,14
1614797449.760297,15
1614797449.869341,18
1614797449.979826,19
1614797450.091160,19
1614797450.200774,11
1614797450.309742,13
1614797450.419172,16
1614797450.528943,17
1614797450.640466,19
1614797450.749519,20
1614797450.859688,19
1614797450.968200,20
1614797451.077521,11
1614797451.186360,13
1614797451.297988,14
1614797451.407275,16
1614797451.519316,18
1614797451.627968,19
1614797451.737389,20
1614797451.845547,12
1614797451.956788,15
1614797452.067366,16
1614797452.178616,18
1614797452.286741,17
1614797452.397097,20
1614797452.504547,19
1614797452.613730,13
1614797452.722618,12
1614797452.833590,15
1614797452.944166,16
1614797453.053515,17
1614797453.163019,20
1614797453.272355,20
1614797453.382317,20
1614797453.493671,12
1614797453.602601,14
1614797453.712262,15
1614797453.825562,15
1614797453.934085,18
1614797454.042598,19
1614797454.152560,19
1614797454.262596,16
1614797454.371752,12
1614797454.485241,20
1614797454.593971,20
1614797454.702955,14
1614797454.812570,10
1614797454.921028,20
1614797455.031649,18
1614797455.140251,20
1614797455.251289,4
1614797455.360913,8
1614797455.486428,10
1614797455.595972,16
1614797455.705545,13
1614797455.817181,18
1614797455.927994,11
1614797456.037603,14
1614797456.148008,15
1614797456.257517,17
1614797456.365924,19
1614797456.477637,18
1614797456.587484,19
1614797456.696053,11
1614797456.805715,13
1614797456.913909,14
1614797457.022697,15
1614797457.131264,18
1614797457.240051,19
1614797457.349209,20
1614797457.457049,19
1614797457.566214,11
1614797457.675545,15
1614797457.784434,17
1614797457.893107,17
1614797458.002762,18
1614797458.111094,18
1614797458.221125,19
1614797458.329973,18
1614797458.439257,11
1614797458.548483,13
1614797458.659410,15
1614797458.769599,17
1614797458.881524,19
1614797458.991703,19
1614797459.101456,20
1614797459.212788,12
1614797459.322070,14
1614797459.432475,15
1614797459.542933,15
1614797459.652393,18
1614797459.762597,19
1614797459.872647,18
1614797459.982582,11
1614797460.093178,12
1614797460.202800,15
1614797460.313370,17
1614797460.423004,19
1614797460.532419,20
1614797460.641896,20
1614797460.750810,10
1614797460.860309,13
1614797460.974039,19
1614797461.086777,16
1614797461.197978,16
1614797461.310135,18
1614797461.420049,14
1614797461.529881,14
1614797461.639342,15
1614797461.755666,17
1614797461.864985,18
1614797461.974825,13
1614797462.087240,18
1614797462.197850,18
1614797462.309008,14
1614797462.420315,19
1614797462.529746,20
1614797462.639088,20
1614797462.749391,7
1614797462.858832,10
1614797462.969346,10
1614797463.080955,12
1614797463.190790,14
1614797463.300364,17
1614797463.409959,18
1614797463.519290,19
1614797463.630442,19
1614797463.739993,10
1614797463.850567,15
1614797463.959703,16
1614797464.069429,18
1614797464.178908,19
1614797464.290277,20
1614797464.400492,19
1614797464.511306,18
1614797464.620792,11
1614797464.730231,13
1614797464.840214,16
1614797464.951165,17
1614797465.060623,18
1614797465.170777,20
1614797465.281508,14
1614797465.386453,11
1614797465.495492,13
1614797465.605256,16
1614797465.714686,18
1614797465.824906,17
1614797465.935140,19
1614797466.044740,18
1614797466.154087,11
1614797466.263565,13
1614797466.372548,14
1614797466.484858,18
1614797466.595197,19
1614797466.706719,19
1614797466.818475,16
1614797466.928805,11
1614797467.038103,14
1614797467.151137,15
1614797467.261069,17
1614797467.370875,17
1614797467.482618,19
1614797467.593946,19
1614797467.704185,12
1614797467.812882,14
1614797467.922302,15
1614797468.032183,20
1614797468.140845,13
1614797468.250438,14
1614797468.384187,8
1614797468.495692,19
1614797468.606325,14
1614797468.715879,8
1614797468.828462,9
1614797468.942624,11
1614797469.051981,12
1614797469.161816,19
1614797469.271105,19
1614797469.380724,5
1614797469.491947,8
1614797469.602327,10
1614797469.713390,12
1614797469.821608,13
1614797469.931522,17
1614797470.041254,17
1614797470.151151,20
1614797470.260784,20
1614797470.371099,19
1614797470.483298,11
1614797470.595911,13
1614797470.709729,15
1614797470.821902,16
1614797470.933541,17
1614797471.045162,18
1614797471.160327,16
1614797471.269157,13
1614797471.376410,15
1614797471.486453,16
1614797471.595871,18
1614797471.705491,18
1614797471.814004,19
1614797471.923399,18
1614797472.032804,10
1614797472.143168,13
1614797472.252461,15
1614797472.361905,16
1614797472.473136,19
1614797472.582859,19
1614797472.692323,18
1614797472.802563,12
1614797472.912480,14
1614797473.022434,15
1614797473.131685,17
1614797473.241631,18
1614797473.352205,19
1614797473.462597,20
1614797473.572977,14
1614797473.683081,12
1614797473.792927,14
1614797473.902494,17
1614797474.015725,18
1614797474.124905,19
1614797474.236559,19
1614797474.358018,10
1614797474.469166,20
1614797474.580907,20
1614797474.689468,6
1614797474.798203,8
1614797474.908233,11
1614797475.017779,20
1614797475.128169,17
1614797475.238053,18
1614797475.348555,13
1614797475.458646,19
1614797475.568045,12
1614797475.677500,5
1614797475.788663,8
1614797475.899478,10
1614797476.011020,14
1614797476.120917,15
1614797476.230934,16
1614797476.341380,19
1614797476.451237,19
1614797476.557836,20
1614797476.668392,10
1614797476.777908,14
1614797476.888354,14
1614797476.998334,17
1614797477.106769,17
1614797477.218600,19
1614797477.329084,19
1614797477.440222,16
1614797477.550882,13
1614797477.660006,14
1614797477.769047,17
1614797477.880036,18
1614797477.990969,20
1614797478.100917,18
1614797478.210753,9
1614797478.320764,13
1614797478.433493,13
1614797478.544297,16
1614797478.653711,16
1614797478.763437,20
1614797478.872992,20
1614797478.983131,19
1614797479.094689,12
1614797479.205588,13
1614797479.316086,14
1614797479.429384,15
1614797479.538911,16
1614797479.649895,19
1614797479.760948,19
1614797479.871196,11
1614797479.980598,14
1614797480.091781,15
1614797480.202143,17
1614797480.312397,18
1614797480.422212,18
1614797480.532221,19
1614797480.642272,11
1614797480.750146,0
