1614798207.180522,0
1614798207.288910,20
1614798207.398295,20
1614798207.506144,19
1614798207.619205,18
1614798207.728914,18
1614798207.840141,20
1614798207.948417,19
1614798208.058407,19
1614798208.167251,20
1614798208.278179,19
1614798208.388830,19
1614798208.498478,19
1614798208.607207,19
1614798208.715639,18
1614798208.825310,19
1614798208.934346,19
1614798209.042989,19
1614798209.151619,18
1614798209.261322,19
1614798209.371887,19
1614798209.484689,19
1614798209.594450,18
1614798209.705733,19
1614798209.816208,20
1614798209.926747,20
1614798210.035804,19
1614798210.145406,20
1614798210.253832,19
1614798210.364840,20
1614798210.476033,20
1614798210.587689,18
1614798210.697170,19
1614798210.807028,19
1614798210.917896,20
1614798211.028753,19
1614798211.139955,20
1614798211.250273,19
1614798211.361468,18
1614798211.471879,18
1614798211.582504,18
1614798211.692283,19
1614798211.801912,20
1614798211.911778,20
1614798212.022321,18
1614798212.132595,19
1614798212.244029,17
1614798212.354503,18
1614798212.464759,18
1614798212.575814,20
1614798212.685621,19
1614798212.794925,19
1614798212.907493,18
1614798213.017111,19
1614798213.128143,19
1614798213.240679,18
1614798213.350988,18
1614798213.461481,18
1614798213.571496,20
1614798213.681292,19
1614798213.791335,19
1614798213.902088,20
1614798214.011984,20
1614798214.121826,18
1614798214.233441,19
1614798214.343275,20
1614798214.453150,19
1614798214.563873,18
1614798214.674309,19
1614798214.785604,20
1614798214.897694,19
1614798215.007410,19
1614798215.116272,19
1614798215.230231,18
1614798215.340765,19
1614798215.451604,19
1614798215.557522,18
1614798215.663432,19
1614798215.768930,20
1614798215.879594,19
1614798215.989824,19
1614798216.102185,20
1614798216.212427,19
1614798216.323595,20
1614798216.433413,19
1614798216.543332,18
1614798216.652703,20
1614798216.762087,19
1614798216.871747,17
1614798216.982320,19
1614798217.093377,18
1614798217.203395,19
1614798217.312992,20
1614798217.423741,19
1614798217.534391,18
1614798217.646042,20
1614798217.755796,20
1614798217.866208,18
1614798217.975337,19
1614798218.086002,19
1614798218.197037,20
1614798218.308709,20
1614798218.419858,19
1614798218.530829,19
1614798218.641668,18
1614798218.751485,18
1614798218.861650,19
1614798218.971478,19
1614798219.080506,18
1614798219.190561,20
1614798219.301763,18
1614798219.412125,19
1614798219.578898,19
1614798219.688923,20
1614798219.801163,16
1614798219.914100,18
1614798220.025965,19
1614798220.136348,19
1614798220.249033,18
1614798220.362172,19
1614798220.473602,20
1614798220.586314,19
1614798220.698568,19
1614798220.810941,18
1614798220.922862,19
1614798221.033272,18
1614798221.144431,19
1614798221.254434,20
1614798221.364848,18
1614798221.476300,20
1614798221.586346,18
1614798221.698879,20
1614798221.811218,19
1614798221.921887,19
1614798222.032504,19
1614798222.142594,20
1614798222.254314,20
1614798222.364467,18
1614798222.475560,20
1614798222.585487,19
1614798222.697288,19
1614798222.807400,20
1614798222.918437,18
1614798223.028667,19
1614798223.138254,19
1614798223.248898,19
1614798223.358716,18
1614798223.469071,18
1614798223.581229,20
1614798223.691519,20
1614798223.802456,18
1614798223.912756,20
1614798224.023009,19
1614798224.132578,19
1614798224.245087,18
1614798224.355220,18
1614798224.464897,19
1614798224.576180,19
1614798224.687606,19
1614798224.797894,19
1614798224.908164,19
1614798225.017908,19
1614798225.127802,19
1614798225.245328,19
1614798225.355408,19
1614798225.465173,18
1614798225.575202,19
1614798225.686936,19
1614798225.797934,19
1614798225.908528,18
1614798226.018505,18
1614798226.144705,19
1614798226.255563,18
1614798226.366859,18
1614798226.477927,19
1614798226.588937,20
1614798226.699503,20
1614798226.808511,17
1614798226.919399,19
1614798227.031046,20
1614798227.141067,18
1614798227.252021,18
1614798227.362949,20
1614798227.478029,20
1614798227.588549,18
1614798227.700131,19
1614798227.809725,17
1614798227.920500,19
1614798228.030842,19
1614798228.142008,18
1614798228.251815,19
1614798228.362725,18
1614798228.474613,19
1614798228.585622,20
1614798228.695597,19
1614798228.806815,19
1614798228.916867,19
1614798229.026831,19
1614798229.135634,20
1614798229.261878,20
1614798229.372884,20
1614798229.483718,20
1614798229.595614,20
1614798229.706269,18
1614798229.815897,17
1614798229.925672,18
1614798230.037901,18
1614798230.148193,19
1614798230.259403,18
1614798230.368562,19
1614798230.480185,20
1614798230.590398,19
1614798230.701603,20
1614798230.812317,17
1614798230.922471,18
1614798231.032240,19
1614798231.142046,18
1614798231.256390,19
1614798231.366433,17
1614798231.476045,19
1614798231.587057,19
1614798231.696079,20
1614798231.809070,19
1614798231.919211,18
1614798232.030936,20
1614798232.139405,20
1614798232.249814,19
1614798232.361056,19
1614798232.470599,18
1614798232.582176,18
1614798232.692171,19
1614798232.802450,16
1614798232.912248,19
1614798233.023035,18
1614798233.135943,16
1614798233.245088,20
1614798233.355282,20
1614798233.465447,18
1614798233.570720,18
1614798233.676818,19
1614798233.782446,20
1614798233.888348,20
1614798233.994086,19
1614798234.099978,18
1614798234.205472,18
1614798234.311789,19
1614798234.416928,20
1614798234.522505,19
1614798234.632545,18
1614798234.741534,20
1614798234.851866,19
1614798234.983970,19
1614798235.095633,18
1614798235.205349,20
1614798235.316513,19
1614798235.426021,20
1614798235.536101,19
1614798235.645983,18
1614798235.756413,18
1614798235.867311,19
1614798235.976774,20
1614798236.086294,19
1614798236.195689,19
1614798236.305716,20
1614798236.415329,18
1614798236.525712,19
1614798236.637321,19
1614798236.747811,19
1614798236.857421,19
1614798236.966063,19
1614798237.072159,18
1614798237.177257,19
1614798237.283889,19
1614798237.396098,19
1614798237.508153,20
1614798237.619605,20
1614798237.729106,19
1614798237.838344,19
1614798237.948129,18
1614798238.060356,20
1614798238.167542,20
1614798238.276874,19
1614798238.387259,17
1614798238.499294,20
1614798238.609112,19
1614798238.719262,18
1614798238.829321,19
1614798238.940593,20
1614798239.051110,19
1614798239.162165,19
1614798239.273130,19
1614798239.384946,20
1614798239.497201,19
1614798239.607775,20
1614798239.718025,20
1614798239.828167,20
1614798239.942423,19
1614798240.052418,18
1614798240.163229,19
1614798240.272900,19
1614798240.384455,18
1614798240.496962,20
1614798240.609784,20
1614798240.720588,20
1614798240.830300,18
1614798240.941060,19
1614798241.051672,20
1614798241.161939,18
1614798241.272647,20
1614798241.383510,20
1614798241.498721,20
1614798241.612891,19
1614798241.723403,20
1614798241.832851,19
1614798241.942746,18
1614798242.052909,20
1614798242.162381,19
1614798242.273363,20
1614798242.383242,18
1614798242.496172,18
1614798242.601625,17
1614798242.706761,18
1614798242.813096,18
1614798242.924230,18
1614798243.034728,20
1614798243.143811,17
1614798243.253583,18
1614798243.362478,19
1614798243.471939,19
1614798243.577331,19
1614798243.686559,18
1614798243.797634,19
1614798243.909639,20
1614798244.019869,20
1614798244.129096,20
1614798244.240115,18
1614798244.350116,20
1614798244.462514,19
1614798244.572282,19
1614798244.681713,19
1614798244.791317,20
1614798244.899788,18
1614798245.009141,18
1614798245.118554,19
1614798245.229559,19
1614798245.363413,18
1614798245.467867,19
1614798245.576581,19
1614798245.685761,20
1614798245.794783,18
1614798245.905006,20
1614798246.015215,20
1614798246.127557,20
1614798246.237424,20
1614798246.346205,20
1614798246.456080,18
1614798246.568394,20
1614798246.680669,19
1614798246.790432,19
1614798246.900642,20
1614798247.012482,19
1614798247.121552,18
1614798247.233808,19
1614798247.344732,19
1614798247.454894,16
1614798247.564258,19
1614798247.674618,19
1614798247.785781,17
1614798247.896920,20
1614798248.008745,19
1614798248.118913,19
1614798248.231317,19
1614798248.342138,19
1614798248.452059,19
1614798248.561855,20
1614798248.672561,18
1614798248.782409,19
1614798248.892246,19
1614798249.002154,19
1614798249.113219,18
1614798249.224959,19
1614798249.336249,19
1614798249.446636,18
1614798249.558731,17
1614798249.671020,19
1614798249.782162,18
1614798249.892279,19
1614798250.002318,20
1614798250.113321,19
1614798250.224084,20
1614798250.334060,19
1614798250.444326,19
1614798250.555926,20
1614798250.666006,18
1614798250.778002,19
1614798250.890673,19
1614798251.002685,20
1614798251.114168,19
1614798251.226310,20
1614798251.336527,19
1614798251.446271,19
1614798251.551721,18
1614798251.656904,18
1614798251.766893,19
1614798251.877646,20
1614798251.987778,19
1614798252.101671,18
1614798252.212906,16
1614798252.322597,20
1614798252.433315,19
1614798252.545800,17
1614798252.657849,19
1614798252.767864,18
1614798252.883870,20
1614798252.995110,19
1614798253.107477,20
1614798253.216697,18
1614798253.326910,17
1614798253.436938,20
1614798253.546992,20
1614798253.657573,19
1614798253.769237,18
1614798253.879480,20
1614798253.989105,19
1614798254.101865,19
1614798254.211885,20
1614798254.323041,17
1614798254.433783,18
1614798254.543857,20
1614798254.653476,19
1614798254.764023,18
1614798254.875268,19
1614798255.012143,19
1614798255.123170,18
1614798255.235194,17
1614798255.346242,20
1614798255.455889,19
1614798255.566498,19
1614798255.676381,19
1614798255.786721,18
1614798255.898033,20
1614798256.010890,18
1614798256.120023,20
1614798256.231812,17
1614798256.342740,19
1614798256.452586,19
1614798256.566206,19
1614798256.676420,19
1614798256.786587,18
1614798256.898309,19
1614798257.008419,19
1614798257.118420,20
1614798257.231748,19
1614798257.341283,20
1614798257.452429,18
1614798257.562847,19
1614798257.672858,20
1614798257.782623,19
1614798257.892989,20
1614798258.003603,19
1614798258.112699,17
1614798258.226413,20
1614798258.337121,19
1614798258.453861,19
1614798258.566353,20
1614798258.675800,20
1614798258.785324,20
1614798258.895609,20
1614798259.005934,19
1614798259.116971,18
1614798259.228063,20
1614798259.337638,18
1614798259.447653,19
1614798259.557863,19
1614798259.667314,20
1614798259.779199,20
1614798259.890028,19
1614798260.001306,20
1614798260.109527,19
1614798260.218483,18
1614798260.328320,19
1614798260.439801,17
1614798260.551355,19
1614798260.662426,19
1614798260.772139,19
1614798260.883029,20
1614798260.993403,20
1614798261.105933,19
1614798261.215755,17
1614798261.325184,20
1614798261.434952,20
1614798261.544700,19
1614798261.655273,19
1614798261.764793,19
1614798261.875271,20
1614798261.985369,20
1614798262.097418,19
1614798262.208635,20
1614798262.320747,19
1614798262.434407,20
1614798262.545188,19
1614798262.655527,20
1614798262.769385,15
1614798262.879907,19
1614798262.989818,18
1614798263.102017,20
1614798263.212289,18
1614798263.323447,19
1614798263.433678,19
1614798263.544236,20
1614798263.656466,19
1614798263.766733,19
1614798263.876733,19
1614798263.987009,17
1614798264.100924,20
1614798264.210421,20
1614798264.321377,19
1614798264.431580,18
1614798264.542098,18
1614798264.652604,20
1614798264.763246,19
1614798264.874500,19
1614798264.992700,18
1614798265.104794,20
1614798265.215362,19
1614798265.326475,20
1614798265.437998,20
1614798265.547754,19
1614798265.657903,20
1614798265.767570,19
1614798265.879115,18
1614798265.990498,19
1614798266.103597,20
1614798266.214095,19
1614798266.320289,19
1614798266.430567,18
1614798266.541428,18
1614798266.652558,19
1614798266.762223,18
1614798266.872310,19
1614798266.982547,19
1614798267.095984,19
1614798267.205895,18
1614798267.316017,19
1614798267.426236,17
1614798267.536200,18
1614798267.645872,20
1614798267.757163,20
1614798267.867497,18
1614798267.977884,18
1614798268.086916,20
1614798268.195998,17
1614798268.305041,20
1614798268.414897,19
1614798268.524525,19
1614798268.634933,20
1614798268.745157,19
1614798268.856273,17
1614798268.970568,19
1614798269.081037,18
1614798269.190939,19
1614798269.301632,20
1614798269.412184,17
1614798269.523265,18
1614798269.633799,19
1614798269.746179,4
1614798269.855758,0
1614798269.966612,0
1614798270.076332,0
1614798270.187176,0
1614798270.297617,0
1614798270.408065,0
1614798270.516474,0
1614798270.626757,0
1614798270.736663,0
1614798270.846755,0
1614798270.956977,0
1614798271.068900,0
1614798271.181400,0
1614798271.289889,0
1614798271.399846,0
1614798271.508373,0
1614798271.618930,0
1614798271.729588,0
1614798271.839821,0
1614798271.950691,0
1614798272.059590,0
1614798272.229033,0
1614798272.338464,10
1614798272.450544,7
1614798272.560649,3
1614798272.670579,0
1614798272.779311,0
1614798272.887494,0
1614798272.996195,0
1614798273.105230,0
1614798273.214486,0
1614798273.323764,0
1614798273.435030,0
1614798273.543210,0
1614798273.651539,0
1614798273.761258,0
1614798273.869753,0
1614798273.978487,0
1614798274.086963,0
1614798274.197323,0
1614798274.307015,0
1614798274.416854,0
1614798274.526122,0
1614798274.635927,0
1614798274.753039,0
1614798274.861821,0
1614798274.971367,0
1614798275.080469,0
1614798275.189024,0
1614798275.297711,0
1614798275.406596,0
1614798275.512860,0
1614798275.621807,0
1614798275.731509,0
1614798275.840518,0
1614798275.951462,0
1614798276.061047,0
1614798276.170111,0
1614798276.278326,0
1614798276.386646,0
1614798276.497769,0
1614798276.610610,0
1614798276.720598,0
1614798276.829667,0
1614798276.939571,0
1614798277.047956,0
1614798277.156863,0
1614798277.265467,0
1614798277.374432,0
1614798277.485428,0
