1614313211.570835,7
1614313211.674286,0
1614313211.777427,0
1614313211.880582,0
1614313211.983989,0
1614313212.087313,0
1614313212.190484,0
1614313212.293835,0
1614313212.397102,0
1614313212.500284,0
1614313212.603821,0
1614313212.707171,0
1614313212.811544,0
1614313212.915094,0
1614313213.018409,0
1614313213.121611,0
1614313213.225134,0
1614313213.328610,0
1614313213.432107,0
1614313213.535423,0
1614313213.638665,0
1614313213.741841,0
1614313213.845184,0
1614313213.948526,0
1614313214.051798,0
1614313214.155676,0
1614313214.259057,0
1614313214.363081,0
1614313214.466471,0
1614313214.569943,0
1614313214.673360,0
1614313214.776463,0
1614313214.879842,0
1614313214.983320,0
1614313215.086741,0
1614313215.190130,0
1614313215.293693,0
1614313215.397142,0
1614313215.500567,0
1614313215.603937,0
1614313215.707274,0
1614313215.810515,0
1614313215.914075,0
1614313216.017710,0
1614313216.121220,0
1614313216.224749,0
1614313216.328158,0
1614313216.431504,0
1614313216.534992,0
1614313216.639120,0
1614313216.742604,0
1614313216.846180,0
1614313216.949586,0
1614313217.053125,0
1614313217.156476,0
1614313217.260000,0
1614313217.364198,0
1614313217.467964,0
1614313217.571447,0
1614313217.675390,0
1614313217.778965,0
1614313217.882358,0
1614313217.985835,0
1614313218.089382,0
1614313218.192975,0
1614313218.296553,0
1614313218.399803,0
1614313218.503232,0
1614313218.606613,0
1614313218.710034,0
1614313218.813791,0
1614313218.917197,0
1614313219.020871,0
1614313219.124413,0
1614313219.227544,0
1614313219.331056,0
1614313219.434455,0
1614313219.537943,0
1614313219.641479,0
1614313219.745083,0
1614313219.848441,0
1614313219.951957,0
1614313220.055433,0
1614313220.158890,0
1614313220.262120,0
1614313220.366279,0
1614313220.470247,0
1614313220.573884,0
1614313220.677311,0
1614313220.780655,0
1614313220.884206,0
1614313220.987652,0
1614313221.091109,0
1614313221.194888,0
1614313221.298316,0
1614313221.401579,0
1614313221.506034,0
1614313221.609248,0
1614313221.712681,0
1614313221.816030,0
1614313221.919564,0
1614313222.022933,0
1614313222.126455,0
1614313222.229888,0
1614313222.333350,0
1614313222.436814,0
1614313222.540192,0
1614313222.643662,0
1614313222.747282,0
1614313222.850667,0
1614313222.954993,0
1614313223.058404,0
1614313223.161853,0
1614313223.265807,0
1614313223.370070,0
1614313223.473688,0
1614313223.577306,0
1614313223.680845,0
1614313223.784700,0
1614313223.888074,0
1614313223.991587,0
1614313224.094976,0
1614313224.198194,0
1614313224.301712,0
1614313224.405058,0
1614313224.508875,0
1614313224.612354,0
1614313224.715779,0
1614313224.819212,0
1614313224.923770,0
1614313225.027150,0
1614313225.130398,0
1614313225.233976,0
1614313225.337231,0
1614313225.440684,0
1614313225.544231,0
1614313225.647648,0
1614313225.751129,0
1614313225.854617,0
1614313225.958140,0
1614313226.061518,0
1614313226.165095,0
1614313226.268497,0
1614313226.371719,0
1614313226.475125,0
1614313226.578462,0
1614313226.682095,0
1614313226.785252,0
1614313226.888602,0
1614313226.992026,0
1614313227.095486,0
1614313227.198893,0
1614313227.302319,0
1614313227.405728,0
1614313227.509493,0
1614313227.613167,0
1614313227.716501,0
1614313227.820032,0
1614313227.923307,0
1614313228.026600,1
1614313228.130050,0
1614313228.233551,0
1614313228.336936,0
1614313228.440296,0
1614313228.543916,0
1614313228.647056,0
1614313228.750328,0
1614313228.853799,0
1614313228.958323,0
1614313229.061875,0
1614313229.165338,0
1614313229.268824,0
1614313229.372265,0
1614313229.475798,0
1614313229.579180,0
1614313229.682708,0
1614313229.785958,0
1614313229.889490,0
1614313229.993164,0
1614313230.096568,0
1614313230.200014,0
1614313230.303503,0
1614313230.407004,0
1614313230.511306,0
1614313230.615045,0
1614313230.718631,0
1614313230.821855,0
1614313230.925286,0
1614313231.029997,0
1614313231.133510,0
1614313231.237444,0
1614313231.340852,0
1614313231.444485,0
1614313231.547959,0
1614313231.651415,0
1614313231.754941,0
1614313231.858363,0
1614313231.961716,0
1614313232.065153,0
1614313232.168599,0
1614313232.271929,0
1614313232.375287,0
1614313232.479251,0
1614313232.582741,0
1614313232.686123,0
1614313232.789483,0
1614313232.892899,0
1614313232.996211,0
1614313233.099592,0
1614313233.203209,0
1614313233.306665,0
1614313233.409988,0
1614313233.513770,0
1614313233.617186,0
1614313233.720526,0
1614313233.823964,0
1614313233.927409,0
1614313234.030721,0
1614313234.134338,0
1614313234.237889,0
1614313234.341234,0
1614313234.444992,0
1614313234.548381,0
1614313234.651686,0
1614313234.755088,0
1614313234.858880,0
1614313234.962384,0
1614313235.066252,0
1614313235.169691,0
1614313235.273403,0
1614313235.376722,0
1614313235.480116,0
1614313235.583511,0
1614313235.686977,0
1614313235.790588,0
1614313235.894308,0
1614313235.997590,0
1614313236.101032,0
1614313236.204463,0
1614313236.307881,0
1614313236.411245,0
1614313236.514677,0
1614313236.619054,0
1614313236.722822,0
1614313236.826081,0
1614313236.936381,2
1614313237.039842,1
1614313237.143403,1
1614313237.246698,1
1614313237.349921,0
1614313237.453795,0
1614313237.557125,1
1614313237.660404,0
1614313237.764156,0
1614313237.867688,1
1614313237.971160,0
1614313238.074568,1
1614313238.178075,1
1614313238.281334,1
1614313238.384747,1
1614313238.487971,0
1614313238.591762,1
1614313238.695138,1
1614313238.798565,0
1614313238.901779,0
1614313239.006122,1
1614313239.109275,0
1614313239.212465,1
1614313239.316084,1
1614313239.419436,0
1614313239.522683,0
1614313239.626159,1
1614313239.729806,0
1614313239.833469,1
1614313239.937763,0
1614313240.041167,1
1614313240.144446,1
1614313240.247761,0
1614313240.351476,0
1614313240.454740,0
1614313240.558019,0
1614313240.661274,1
1614313240.764665,1
1614313240.868042,1
1614313240.971542,1
1614313241.074953,1
1614313241.179933,0
1614313241.283362,1
1614313241.386470,0
1614313241.489785,0
1614313241.593234,1
1614313241.696776,1
1614313241.800084,0
1614313241.903642,0
1614313242.007028,1
1614313242.110816,0
1614313242.214038,0
1614313242.318583,0
1614313242.421819,0
1614313242.525207,1
1614313242.628455,1
1614313242.731722,0
1614313242.835425,0
1614313242.938667,1
1614313243.042026,0
1614313243.145485,1
1614313243.248730,1
1614313243.352040,1
1614313243.455387,1
1614313243.558884,0
1614313243.662337,1
1614313243.765678,1
1614313243.868825,0
1614313243.972290,0
1614313244.075642,0
1614313244.179429,0
1614313244.284773,1
1614313244.393205,1
1614313244.501693,1
1614313244.609557,1
1614313244.718475,1
1614313244.826555,1
1614313244.931826,1
1614313245.036795,1
1614313245.141874,2
1614313245.247071,1
1614313245.352641,1
1614313245.457947,1
1614313245.563270,1
1614313245.666915,1
1614313245.770424,1
1614313245.873979,1
1614313245.977320,1
1614313246.080511,1
1614313246.183909,1
1614313246.287088,1
1614313246.391116,1
1614313246.494652,1
1614313246.597881,1
1614313246.701473,1
1614313246.804884,1
1614313246.908428,1
1614313247.012197,1
1614313247.116354,1
1614313247.220310,1
1614313247.325147,1
1614313247.434652,1
1614313247.543729,1
1614313247.654083,1
1614313247.766154,1
1614313247.876361,1
1614313247.986076,2
1614313248.096150,1
1614313248.202840,1
1614313248.308183,1
1614313248.413301,1
1614313248.519164,1
1614313248.622823,1
1614313248.726984,1
1614313248.831491,1
1614313248.935949,1
1614313249.039600,1
1614313249.143805,1
1614313249.247471,1
1614313249.351135,1
1614313249.455226,1
1614313249.564892,1
1614313249.671514,1
1614313249.776793,1
1614313249.882364,1
1614313249.987814,1
1614313250.093254,1
1614313250.198671,1
1614313250.302488,1
1614313250.406193,1
1614313250.509769,1
1614313250.613905,1
1614313250.718103,1
1614313250.821260,1
1614313250.924718,1
1614313251.028089,1
1614313251.131645,1
1614313251.235214,1
1614313251.338843,1
1614313251.442939,1
1614313251.546446,1
1614313251.655951,1
1614313251.762028,1
1614313251.865702,1
1614313251.969618,1
1614313252.073873,1
1614313252.177589,1
1614313252.281216,1
1614313252.384680,1
1614313252.491896,1
1614313252.598761,2
1614313252.706029,1
1614313252.812592,1
1614313252.921715,1
1614313253.030025,1
1614313253.138176,1
1614313253.243467,1
1614313253.348711,1
1614313253.454236,1
1614313253.558748,1
1614313253.663005,1
1614313253.767209,1
1614313253.871585,1
1614313253.975715,1
1614313254.079443,1
1614313254.183977,1
1614313254.288456,1
1614313254.392858,1
1614313254.496757,1
1614313254.600600,1
1614313254.705443,1
1614313254.809148,2
1614313254.915269,1
1614313255.019120,1
1614313255.122563,1
1614313255.226016,1
1614313255.329363,1
1614313255.432900,1
1614313255.536080,1
1614313255.639770,1
1614313255.743588,1
1614313255.856464,1
1614313255.959695,1
1614313256.063573,1
1614313256.166929,1
1614313256.270253,1
1614313256.373508,1
1614313256.477074,1
1614313256.580725,1
1614313256.683928,2
1614313256.787617,1
1614313256.891077,1
1614313256.995027,1
1614313257.099350,1
1614313257.203757,1
1614313257.315714,1
1614313257.426020,1
1614313257.534980,1
1614313257.646381,2
1614313257.752017,1
1614313257.857990,1
1614313257.967790,1
1614313258.078469,1
1614313258.185825,1
1614313258.292849,1
1614313258.399987,1
1614313258.508574,2
1614313258.617764,1
1614313258.724339,2
1614313258.828472,1
1614313258.932010,1
1614313259.035563,1
1614313259.139743,1
1614313259.243389,1
1614313259.346877,1
1614313259.450212,3
1614313259.553420,1
1614313259.656843,1
1614313259.760543,1
1614313259.863770,1
1614313259.967502,1
1614313260.070899,1
1614313260.174247,1
1614313260.277409,1
1614313260.380601,1
1614313260.483759,1
1614313260.587000,1
1614313260.690739,1
1614313260.794070,1
1614313260.897264,1
1614313261.000496,1
1614313261.103921,1
1614313261.208063,1
1614313261.311409,1
1614313261.415028,1
1614313261.518504,1
1614313261.621714,1
1614313261.725108,1
1614313261.828781,1
1614313261.932231,1
1614313262.035761,1
1614313262.139192,1
1614313262.242376,1
1614313262.345776,1
1614313262.449026,1
1614313262.552953,1
1614313262.656416,1
1614313262.759757,1
1614313262.863299,1
1614313262.967711,1
1614313263.072260,1
1614313263.176414,1
1614313263.280218,1
1614313263.383752,1
1614313263.487989,1
1614313263.591404,1
1614313263.695177,1
1614313263.799276,1
1614313263.902470,1
1614313264.006702,1
1614313264.110768,2
1614313264.214254,1
1614313264.324149,1
1614313264.433941,1
1614313264.542952,1
1614313264.652450,1
1614313264.762932,1
1614313264.872566,1
1614313264.981924,1
1614313265.090723,1
1614313265.200691,1
1614313265.309408,1
1614313265.415157,1
1614313265.519739,1
1614313265.623807,1
1614313265.727462,1
1614313265.831895,1
1614313265.935457,1
1614313266.039180,1
1614313266.142603,1
1614313266.245877,1
1614313266.349648,1
1614313266.453108,1
1614313266.557701,1
1614313266.660950,1
1614313266.772316,1
1614313266.880015,1
1614313266.989125,1
1614313267.097199,1
1614313267.206106,1
1614313267.314579,1
1614313267.423255,1
1614313267.531414,1
1614313267.639607,2
1614313267.745311,1
1614313267.850152,1
1614313267.953589,1
1614313268.056934,1
1614313268.160388,1
1614313268.263740,1
1614313268.367283,1
1614313268.471526,1
1614313268.581449,1
1614313268.692001,1
1614313268.797601,1
1614313268.901458,1
1614313269.015378,1
1614313269.119314,1
1614313269.223103,1
1614313269.326765,1
1614313269.429967,1
1614313269.533489,1
1614313269.636785,1
1614313269.740298,1
1614313269.843755,1
1614313269.947315,1
1614313270.050920,1
1614313270.159045,1
1614313270.267587,1
1614313270.374045,1
1614313270.479205,1
1614313270.584635,1
1614313270.689811,1
1614313270.795432,1
1614313270.900718,1
1614313271.004912,1
1614313271.108999,1
1614313271.213623,1
1614313271.318683,1
1614313271.428978,1
1614313271.539426,1
1614313271.646731,1
1614313271.752641,1
1614313271.858240,1
1614313271.968240,1
1614313272.078619,1
1614313272.188827,1
1614313272.294807,1
1614313272.401325,1
1614313272.510051,1
1614313272.615862,2
1614313272.726170,0
1614313272.836588,0
1614313272.946277,0
1614313273.056521,0
1614313273.166922,0
1614313273.276233,0
1614313273.386259,0
1614313273.495773,0
1614313273.605502,0
1614313273.714334,0
1614313273.824653,0
1614313273.930625,0
1614313274.036934,0
1614313274.146294,0
1614313274.257277,0
1614313274.368898,0
1614313274.475276,0
1614313274.584985,0
1614313274.690793,0
1614313274.797690,0
1614313274.906918,0
1614313275.016590,0
1614313275.126422,0
1614313275.237042,0
1614313275.346419,0
1614313275.455640,0
1614313275.565428,0
1614313275.671468,0
1614313275.775721,0
1614313275.884376,0
1614313275.994409,0
1614313276.103602,0
1614313276.213207,0
1614313276.325456,0
1614313276.434949,0
1614313276.544121,0
