1614802685.211945,3
1614802685.314905,1
1614802685.418117,1
1614802685.521176,1
1614802685.624043,1
1614802685.727144,1
1614802685.830102,1
1614802685.932914,1
1614802686.035827,1
1614802686.138808,1
1614802686.251143,1
1614802686.353937,1
1614802686.457176,1
1614802686.560064,1
1614802686.662956,1
1614802686.765918,1
1614802686.869024,1
1614802686.972012,1
1614802687.074623,1
1614802687.177685,1
1614802687.280595,1
1614802687.384033,1
1614802687.487501,1
1614802687.590248,1
1614802687.693694,1
1614802687.796639,1
1614802687.902862,1
1614802688.005622,1
1614802688.108566,1
1614802688.211517,1
1614802688.314345,1
1614802688.417520,1
1614802688.520892,1
1614802688.624459,2
1614802688.728786,1
1614802688.832663,1
1614802688.935554,1
1614802689.039288,1
1614802689.143086,1
1614802689.246911,1
1614802689.349741,1
1614802689.452648,1
1614802689.555901,1
1614802689.658893,1
1614802689.761961,1
1614802689.864922,1
1614802689.967900,1
1614802690.070920,1
1614802690.173846,1
1614802690.277149,1
1614802690.379863,1
1614802690.482856,1
1614802690.585825,1
1614802690.689077,1
1614802690.791957,1
1614802690.895465,1
1614802690.998768,1
1614802691.101943,1
1614802691.204830,1
1614802691.307866,1
1614802691.411385,1
1614802691.514290,1
1614802691.618381,1
1614802691.721404,1
1614802691.825217,1
1614802691.928802,1
1614802692.031661,1
1614802692.134676,1
1614802692.237683,1
1614802692.340664,1
1614802692.443484,1
1614802692.546477,1
1614802692.649426,1
1614802692.752502,1
1614802692.855802,1
1614802692.958735,1
1614802693.061736,1
1614802693.164584,1
1614802693.267806,1
1614802693.370751,1
1614802693.473601,1
1614802693.576794,1
1614802693.679768,1
1614802693.782680,1
1614802693.885562,1
1614802693.988605,1
1614802694.091578,1
1614802694.194519,1
1614802694.298359,1
1614802694.401339,1
1614802694.504285,1
1614802694.614141,1
1614802694.717286,1
1614802694.821176,1
1614802694.925160,1
1614802695.028388,1
1614802695.131237,1
1614802695.234298,1
1614802695.337969,1
1614802695.440879,1
1614802695.553720,1
1614802695.657098,1
1614802695.760041,1
1614802695.862909,2
1614802695.965739,1
1614802696.068652,1
1614802696.171485,1
1614802696.274248,1
1614802696.377451,1
1614802696.480434,1
1614802696.584152,1
1614802696.686999,1
1614802696.790004,1
1614802696.892880,1
1614802696.995683,1
1614802697.098624,1
1614802697.202111,1
1614802697.304982,1
1614802697.408102,1
1614802697.511018,1
1614802697.614004,1
1614802697.719575,1
1614802697.825243,1
1614802697.928854,1
1614802698.032227,1
1614802698.135113,1
1614802698.238368,1
1614802698.341920,1
1614802698.444902,1
1614802698.547749,1
1614802698.651673,1
1614802698.755242,1
1614802698.858259,1
1614802698.960985,1
1614802699.063831,1
1614802699.166625,1
1614802699.269838,1
1614802699.373056,1
1614802699.475892,1
1614802699.578934,1
1614802699.681696,1
1614802699.784653,1
1614802699.888050,1
1614802699.990987,1
1614802700.094057,1
1614802700.197197,1
1614802700.300790,1
1614802700.403747,1
1614802700.506865,1
1614802700.610026,1
1614802700.712826,1
1614802700.816356,1
1614802700.920270,1
1614802701.023311,1
1614802701.126781,1
1614802701.230266,1
1614802701.333454,1
1614802701.436307,1
1614802701.539370,1
1614802701.642385,1
1614802701.745418,1
1614802701.848468,1
1614802701.951465,1
1614802702.054510,1
1614802702.157554,1
1614802702.260412,1
1614802702.363788,1
1614802702.466625,1
1614802702.570341,1
1614802702.673257,1
1614802702.776910,1
1614802702.879775,1
1614802702.982695,1
1614802703.085759,1
1614802703.188914,1
1614802703.291809,1
1614802703.394781,1
1614802703.497904,1
1614802703.601002,1
1614802703.703872,1
1614802703.807257,1
1614802703.910408,1
1614802704.013416,1
1614802704.116465,1
1614802704.219678,1
1614802704.322970,1
1614802704.426060,1
1614802704.530043,1
1614802704.633662,1
1614802704.736949,1
1614802704.839962,1
1614802704.942943,1
1614802705.045733,1
1614802705.148468,1
1614802705.251302,1
1614802705.354099,1
1614802705.457054,1
1614802705.560346,1
1614802705.663209,1
1614802705.766090,1
1614802705.868839,1
1614802705.972507,1
1614802706.075352,1
1614802706.178441,1
1614802706.281341,1
1614802706.384103,1
1614802706.487215,1
1614802706.590531,1
1614802706.693343,1
1614802706.796150,1
1614802706.899017,1
1614802707.001835,1
1614802707.104472,1
1614802707.207669,1
1614802707.310897,2
1614802707.413786,1
1614802707.516617,1
1614802707.619665,1
1614802707.723358,1
1614802707.826454,1
1614802707.929590,1
1614802708.032603,1
1614802708.138369,1
1614802708.241898,1
1614802708.346780,1
1614802708.449658,1
1614802708.555779,1
1614802708.659591,1
1614802708.763044,1
1614802708.866083,1
1614802708.969170,1
1614802709.071936,1
1614802709.174871,1
1614802709.277824,1
1614802709.380731,1
1614802709.483696,1
1614802709.586718,1
1614802709.690058,1
1614802709.792997,1
1614802709.895725,1
1614802709.999884,1
1614802710.102760,1
1614802710.205808,1
1614802710.313456,1
1614802710.419846,0
1614802710.523833,0
1614802710.628694,0
1614802710.733141,1
1614802710.837719,0
1614802710.943324,1
1614802711.048140,1
1614802711.153242,1
1614802711.258051,1
1614802711.363292,1
1614802711.466079,1
1614802711.569058,1
1614802711.672549,1
1614802711.779472,1
1614802711.883889,1
1614802711.988245,1
1614802712.092651,1
1614802712.196931,1
1614802712.301358,1
1614802712.405475,1
1614802712.509611,1
1614802712.614320,0
1614802712.719010,1
1614802712.823441,1
1614802712.929014,1
1614802713.033957,1
1614802713.138326,1
1614802713.242864,1
1614802713.348205,1
1614802713.452817,1
1614802713.557267,1
1614802713.662001,1
1614802713.766450,1
1614802713.871454,1
1614802713.976006,1
1614802714.080406,1
1614802714.184749,1
1614802714.289584,1
1614802714.393663,1
1614802714.498019,1
1614802714.602152,1
1614802714.706407,1
1614802714.810641,1
1614802714.915142,1
1614802715.017792,1
1614802715.120782,1
1614802715.223728,1
1614802715.326743,1
1614802715.433318,1
1614802715.537631,1
1614802715.641885,1
1614802715.746521,1
1614802715.850804,1
1614802715.953636,1
1614802716.057119,1
1614802716.160408,1
1614802716.263690,1
1614802716.367514,1
1614802716.471184,1
1614802716.575221,1
1614802716.678129,1
1614802716.781124,1
1614802716.883965,1
1614802716.986872,1
1614802717.090643,1
1614802717.200115,1
1614802717.304268,1
1614802717.408622,1
1614802717.513075,0
1614802717.616631,1
1614802717.719457,1
1614802717.826556,1
1614802717.931307,1
1614802718.034305,1
1614802718.138602,1
1614802718.258619,1
1614802718.363385,1
1614802718.467793,1
1614802718.572337,0
1614802718.676467,1
1614802718.780960,1
1614802718.885071,1
1614802718.989595,1
1614802719.094183,1
1614802719.198556,1
1614802719.303321,1
1614802719.407432,1
1614802719.511949,1
1614802719.616327,1
1614802719.720663,1
1614802719.825444,1
1614802719.930080,1
1614802720.034377,1
1614802720.138624,1
1614802720.243027,1
1614802720.348481,1
1614802720.452438,0
1614802720.557210,1
1614802720.661592,1
1614802720.766085,1
1614802720.870341,1
1614802720.974447,1
1614802721.078719,1
1614802721.182929,1
1614802721.287216,1
1614802721.391688,1
1614802721.495743,1
1614802721.600115,1
1614802721.704215,1
1614802721.808690,1
1614802721.913280,1
1614802722.017399,1
1614802722.123349,1
1614802722.227747,1
1614802722.332855,1
1614802722.437016,1
1614802722.541810,1
1614802722.646302,1
1614802722.750745,1
1614802722.854903,1
1614802722.958191,1
1614802723.061028,1
1614802723.164029,1
1614802723.266991,1
1614802723.370687,1
1614802723.474686,1
1614802723.579002,1
1614802723.683263,1
1614802723.787927,1
1614802723.892866,1
1614802723.996977,1
1614802724.101446,1
1614802724.204417,1
1614802724.311289,1
1614802724.414704,1
1614802724.518057,1
1614802724.621225,1
1614802724.728066,1
1614802724.832222,1
1614802724.936093,1
1614802725.040900,1
1614802725.145495,1
1614802725.250174,1
1614802725.354360,1
1614802725.458852,1
1614802725.562812,1
1614802725.667466,1
1614802725.771484,0
1614802725.874442,1
1614802725.977437,1
1614802726.081401,1
1614802726.184204,1
1614802726.287372,1
1614802726.390884,1
1614802726.494167,1
1614802726.601677,1
1614802726.708566,1
1614802726.812417,1
1614802726.920990,1
1614802727.025305,1
1614802727.129075,1
1614802727.233248,1
1614802727.338551,1
1614802727.443044,1
1614802727.547571,1
1614802727.652130,1
1614802727.756793,1
1614802727.859706,1
1614802727.962594,1
1614802728.074082,1
1614802728.177770,1
1614802728.286062,1
1614802728.391107,1
1614802728.495606,1
1614802728.600604,1
1614802728.705436,1
1614802728.810282,1
1614802728.915300,1
1614802729.018831,1
1614802729.122715,1
1614802729.225560,1
1614802729.328970,1
1614802729.436410,1
1614802729.540441,1
1614802729.644311,1
1614802729.748325,1
1614802729.852541,1
1614802729.957429,1
1614802730.061721,1
1614802730.164501,1
1614802730.267383,1
1614802730.370871,1
1614802730.474398,1
1614802730.578090,1
1614802730.680847,1
1614802730.783856,1
1614802730.894138,1
1614802730.998217,0
1614802731.101311,1
1614802731.204118,1
1614802731.307057,1
1614802731.409916,1
1614802731.515941,1
1614802731.619733,1
1614802731.739872,1
1614802731.846095,1
1614802731.949867,1
1614802732.056717,1
1614802732.161167,1
1614802732.264838,1
1614802732.368379,1
1614802732.472964,1
1614802732.578105,1
1614802732.684000,1
1614802732.788782,1
1614802732.894455,1
1614802733.000769,1
1614802733.106053,1
1614802733.211412,1
1614802733.316829,2
1614802733.421689,1
1614802733.526928,1
1614802733.632279,1
1614802733.738808,1
1614802733.844054,1
1614802733.946953,1
1614802734.049853,1
1614802734.156803,1
1614802734.262816,1
1614802734.366786,1
1614802734.471872,1
1614802734.576818,1
1614802734.682552,0
1614802734.787460,1
1614802734.893768,1
1614802734.996818,1
1614802735.103252,1
1614802735.209685,1
1614802735.318889,1
1614802735.426710,1
1614802735.531726,1
1614802735.636634,1
1614802735.741409,1
1614802735.844512,1
1614802735.947486,1
1614802736.055246,1
1614802736.159115,1
1614802736.263020,1
1614802736.366629,1
1614802736.470777,1
1614802736.574765,1
1614802736.679641,1
1614802736.784478,1
1614802736.889217,1
1614802736.992288,1
1614802737.095675,1
1614802737.198735,1
1614802737.301782,1
1614802737.404971,0
1614802737.507885,1
1614802737.610608,1
1614802737.713605,1
1614802737.816445,1
1614802737.919903,1
1614802738.022911,1
1614802738.126290,1
1614802738.229171,1
1614802738.332218,1
1614802738.435747,1
1614802738.538709,1
1614802738.641740,1
1614802738.744529,1
1614802738.847275,1
1614802738.950474,0
1614802739.053184,1
1614802739.156039,1
1614802739.258884,1
1614802739.361812,1
1614802739.464788,1
1614802739.568195,0
1614802739.670941,1
1614802739.774062,1
1614802739.880809,0
1614802739.985573,1
1614802740.089348,1
1614802740.193032,1
1614802740.296938,1
1614802740.400669,1
1614802740.504286,1
1614802740.607989,1
1614802740.711739,1
1614802740.815548,1
1614802740.920709,1
1614802741.023633,1
1614802741.126709,1
1614802741.229613,1
1614802741.332605,1
1614802741.440182,1
1614802741.545283,1
1614802741.649893,1
1614802741.754501,1
1614802741.859040,1
1614802741.961796,1
1614802742.064827,1
1614802742.168119,1
1614802742.270966,1
1614802742.374078,1
1614802742.476984,1
1614802742.580078,0
1614802742.682927,1
1614802742.785963,1
1614802742.888982,1
1614802742.995096,1
1614802743.100657,1
1614802743.206039,1
1614802743.309891,1
1614802743.413548,1
1614802743.519949,1
1614802743.626247,1
1614802743.730164,1
1614802743.838413,1
1614802743.942685,1
1614802744.047490,1
1614802744.153749,1
1614802744.259964,1
1614802744.365023,1
1614802744.467983,1
1614802744.571057,1
1614802744.674332,1
1614802744.778331,1
1614802744.881250,1
1614802744.984094,1
1614802745.115268,2
1614802745.218980,2
1614802745.322471,2
1614802745.425254,2
1614802745.528143,2
1614802745.631302,2
1614802745.733975,2
1614802745.837900,2
1614802745.940671,2
1614802746.043772,2
1614802746.151581,2
1614802746.256655,2
1614802746.366116,2
1614802746.470622,2
1614802746.574900,2
1614802746.679586,2
1614802746.784185,2
1614802746.888958,2
1614802746.991799,2
1614802747.096316,1
1614802747.200948,2
1614802747.304719,2
1614802747.408472,2
1614802747.511992,2
1614802747.615167,2
1614802747.718635,2
1614802747.823005,2
1614802747.927940,0
1614802748.031625,0
1614802748.136130,0
1614802748.244938,0
1614802748.357880,0
1614802748.467720,0
1614802748.576035,0
1614802748.684782,0
1614802748.793056,0
1614802748.901699,0
1614802749.006834,0
1614802749.114823,0
1614802749.222901,0
1614802749.331451,0
1614802749.439520,0
1614802749.547796,0
1614802749.658000,0
1614802749.765923,0
1614802749.874894,0
1614802749.983122,0
1614802750.091206,0
1614802750.199594,0
1614802750.309279,0
1614802750.417007,0
1614802750.526159,0
1614802750.634265,0
1614802750.743170,0
1614802750.852614,0
1614802750.959114,0
1614802751.066934,0
1614802751.176117,0
1614802751.286262,0
1614802751.394836,0
1614802751.502849,0
1614802751.610527,0
1614802751.719324,0
1614802751.827189,0
1614802751.937990,0
1614802752.046117,0
1614802752.157651,0
1614802752.267237,0
1614802752.373594,0
1614802752.478992,0
1614802752.584819,0
1614802752.694978,0
1614802752.803349,0
1614802752.911985,0
1614802753.020220,0
1614802753.130171,0
1614802753.238566,0
1614802753.348649,0
1614802753.459203,0
1614802753.567988,0
1614802753.677613,0
1614802753.785824,0
1614802753.894112,0
1614802754.002167,0
1614802754.110434,0
1614802754.218302,0
1614802754.326194,0
1614802754.434123,0
1614802754.543482,0
1614802754.653350,0
1614802754.763494,0
1614802754.871469,0
1614802754.979592,0
1614802755.087770,0
1614802755.194998,0
1614802755.304370,0
1614802755.412451,0
1614802755.520857,0
1614802755.629576,0
1614802755.737430,0
1614802755.847749,0
1614802755.959186,0
1614802756.068638,0
1614802756.179567,0
1614802756.284281,0
1614802756.391758,0
1614802756.499565,0
1614802756.608463,0
1614802756.716421,0
1614802756.827612,0
1614802756.937056,0
1614802757.047212,0
1614802757.152916,0
1614802757.262017,0
1614802757.369839,0
1614802757.478920,0
1614802757.586558,0
1614802757.695354,0
1614802757.804602,0
1614802757.913287,0
1614802758.017062,0
1614802758.120989,0
1614802758.223980,0
1614802758.328110,0
1614802758.431613,0
1614802758.534795,0
1614802758.638164,0
1614802758.741697,0
1614802758.844815,0
1614802758.949727,0
1614802759.054028,0
1614802759.163301,0
1614802759.266864,0
1614802759.374122,0
1614802759.482364,0
1614802759.590252,0
1614802759.698448,0
1614802759.806750,0
1614802759.915399,0
1614802760.021330,0
1614802760.130192,0
1614802760.238930,0
1614802760.347002,0
1614802760.457206,0
1614802760.565810,0
1614802760.675150,0
1614802760.783645,0
1614802760.892368,0
1614802761.001705,0
1614802761.108218,0
1614802761.216435,0
1614802761.324484,0
1614802761.433856,0
1614802761.542051,0
1614802761.649954,0
1614802761.759866,0
1614802761.868205,0
1614802761.972300,0
1614802762.080573,0
1614802762.187871,0
1614802762.297027,0
1614802762.405016,0
1614802762.513026,0
1614802762.620759,0
1614802762.729712,0
1614802762.837761,0
1614802762.942358,0
1614802763.046848,0
1614802763.151204,0
1614802763.255441,0
1614802763.359678,0
1614802763.468616,0
1614802763.578039,0
1614802763.685734,0
1614802763.794471,0
1614802763.903498,0
1614802764.007736,0
1614802764.112102,0
1614802764.215576,0
1614802764.319077,0
1614802764.428062,0
1614802764.536828,0
1614802764.645186,0
1614802764.753909,0
1614802764.862510,0
1614802764.967522,0
1614802765.075635,0
1614802765.183359,0
1614802765.288768,0
1614802765.396896,0
1614802765.504701,0
1614802765.614101,0
1614802765.722276,0
1614802765.830047,0
1614802765.937844,0
1614802766.042181,0
1614802766.146312,0
1614802766.251702,0
1614802766.359914,0
1614802766.462927,0
1614802766.571215,0
1614802766.674716,0
1614802766.778614,0
1614802766.886502,0
1614802766.990152,0
1614802767.093711,0
1614802767.201228,0
1614802767.304402,0
1614802767.409127,0
1614802767.517382,0
1614802767.620577,0
1614802767.728765,0
1614802767.832048,0
1614802767.935976,0
1614802768.038917,0
1614802768.141689,0
1614802768.249095,1
1614802768.352712,0
1614802768.457964,0
1614802768.560981,0
1614802768.664816,0
1614802768.768381,0
1614802768.871424,0
1614802768.976057,0
1614802769.079196,0
1614802769.183165,0
1614802769.286524,0
1614802769.390138,0
1614802769.493424,0
1614802769.596799,0
1614802769.699838,0
1614802769.803901,0
1614802769.907373,0
1614802770.011192,0
1614802770.119675,0
1614802770.228903,0
1614802770.335319,0
1614802770.440106,0
1614802770.548256,0
1614802770.659145,0
1614802770.768258,0
1614802770.876771,0
1614802770.981058,0
1614802771.089492,0
1614802771.197605,0
1614802771.305606,0
1614802771.414108,0
1614802771.522135,0
1614802771.630551,0
1614802771.738306,0
1614802771.847806,0
1614802771.951532,0
1614802772.055842,0
1614802772.159414,0
1614802772.267400,0
1614802772.375248,0
1614802772.483698,0
1614802772.592527,0
1614802772.700673,0
1614802772.809564,0
1614802772.921341,0
1614802773.030131,0
1614802773.137942,0
1614802773.245411,0
